LMSchartmaker Pro version 2.54																	
Data file: X:\bhinton\Data\HispFmiLmi.txt																	
Free format																	
Age: field 6																	
Measure: field 7																	
Weighting: field 0																	
Selector: field 3																	
Count: 2300																	
edf:	L	M	S														
    	2	3	2								3	5	25	50	75	95	97
Age	L	M	S	-2.0001	-1.3334	-0.6667	0	0.6667	1.3334	2.0001	-1.881	-1.645	-0.674	0	0.674	1.645	1.881
8	-0.4199101	0.3136288	0.4541743	0.145284	0.1828437	0.2358443	0.3136288	0.4335744	0.6308033	0.984552	0.151134761	0.16375875	0.235151993	0.3136288	0.435225688	0.768749059	0.903525961
9	-0.3747042	0.3411988	0.4464628	0.1579335	0.1993532	0.2573066	0.3411988	0.4678132	0.6691878	1.011949	0.164402356	0.178339728	0.256553671	0.3411988	0.469533596	0.805460891	0.935325061
10	-0.3342662	0.3659866	0.4395646	0.1693254	0.2142944	0.2767236	0.3659866	0.4982094	0.7027037	1.036479	0.176365742	0.191513638	0.275916489	0.3659866	0.499985878	0.837414009	0.963283785
11	-0.2976856	0.3886152	0.4333245	0.1797486	0.2280201	0.294549	0.3886152	0.5256687	0.7326193	1.058934	0.187323389	0.203600071	0.293692743	0.3886152	0.527492185	0.865917838	0.988485836
12	-0.2642901	0.4095164	0.4276277	0.1894023	0.2407746	0.3110979	0.4095164	0.5508097	0.7597665	1.079801	0.197481218	0.214819821	0.310196483	0.4095164	0.552673206	0.891806169	1.011604063
13	-0.2335692	0.428967	0.4223871	0.1984133	0.2527132	0.3265714	0.428967	0.5740256	0.7846542	1.099314	0.206970339	0.225313414	0.325628286	0.428967	0.575924007	0.915566244	1.033000288
14	-0.2051261	0.4471496	0.4175351	0.2068647	0.2639375	0.3411015	0.4471496	0.5955752	0.8076055	1.117579	0.215876481	0.235172643	0.340119672	0.4471496	0.597504184	0.93749312	1.052873456
15	-0.1786462	0.4642102	0.413018	0.2148224	0.2745285	0.3547939	0.4642102	0.6156632	0.828872	1.134695	0.22426788	0.244470673	0.353775992	0.4642102	0.617619046	0.95781713	1.071385725
16	-0.1538759	0.4802761	0.4087925	0.2223439	0.2845571	0.3677411	0.4802761	0.6344656	0.8486689	1.150771	0.232203918	0.253271333	0.366689599	0.4802761	0.636445334	0.97673946	1.088690552
17	-0.1306078	0.4954349	0.4048232	0.2294681	0.2940715	0.3800065	0.4954349	0.6521035	0.8671392	1.165861	0.239724956	0.261617943	0.378923502	0.4954349	0.654104548	0.994387857	1.10487597
18	-0.10867	0.5097454	0.401081	0.2362209	0.3031032	0.3916318	0.5097454	0.6686589	0.8843764	1.179982	0.246857469	0.269538843	0.390519292	0.5097454	0.670678687	1.010840168	1.119986735
19	-8.79E-02	0.5232573	0.3975411	0.2426239	0.3116788	0.4026523	0.5232573	0.6842003	0.9004586	1.193152	0.253623847	0.277057997	0.401512189	0.5232573	0.686236593	1.026162209	1.134063138
20	-6.82E-02	0.5360226	0.3941828	0.2486997	0.3198264	0.4131055	0.5360226	0.6987987	0.9154686	1.205416	0.260047568	0.284200668	0.411939501	0.5360226	0.70084947	1.040429803	1.147163168
21	-4.95E-02	0.5480964	0.3909884	0.2544726	0.3275765	0.4230316	0.5480964	0.7125284	0.9294946	1.216833	0.266153762	0.290994007	0.421841308	0.5480964	0.714591795	1.05372786	1.159359558
22	-3.17E-02	0.5595303	0.3879426	0.2599654	0.3349576	0.4324684	0.5595303	0.7254583	0.9426187	1.227468	0.27196602	0.29746355	0.431255366	0.5595303	0.727532721	1.066136315	1.170723007
23	-1.46E-02	0.5703697	0.3850323	0.2651978	0.341995	0.4414493	0.5703697	0.7376487	0.9549122	1.237374	0.277504967	0.30363166	0.440214914	0.5703697	0.739732821	1.077725039	1.181315896
24	1.74E-03	0.5806552	0.3822458	0.2701878	0.3487112	0.4500043	0.5806552	0.7491534	0.9664381	1.246603	0.282789146	0.309518456	0.448749825	0.5806552	0.751245821	1.088555543	1.19119348
25	1.74E-02	0.5904279	0.3795731	0.2749532	0.3551292	0.4581639	0.5904279	0.7600263	0.9772605	1.255209	0.28783731	0.315144342	0.4568905	0.5904279	0.762125834	1.098691788	1.200415464
26	3.25E-02	0.5997276	0.3770052	0.2795117	0.3612714	0.4659578	0.5997276	0.7703192	0.9874406	1.263249	0.29266778	0.32052928	0.464666597	0.5997276	0.772424825	1.108195595	1.209040482
27	4.70E-02	0.6085884	0.3745343	0.2838783	0.3671573	0.4734115	0.6085884	0.7800764	0.9970305	1.270767	0.297296097	0.325690228	0.472103486	0.6085884	0.782187193	1.117119089	1.217117707
28	6.09E-02	0.61704	0.3721532	0.2880659	0.3728034	0.4805472	0.61704	0.7893362	1.006075	1.277803	0.301735885	0.330642054	0.47922336	0.61704	0.791451296	1.125506378	1.224688408
29	7.44E-02	0.6251096	0.3698557	0.2920864	0.378225	0.4873853	0.6251096	0.7981336	1.014614	1.284393	0.305999488	0.335398256	0.48604652	0.6251096	0.800252228	1.133398012	1.231790827
30	8.74E-02	0.6328217	0.3676361	0.2959504	0.3834361	0.4939443	0.6328217	0.8064998	1.022684	1.290569	0.310098076	0.339971057	0.492591323	0.6328217	0.80862139	1.140829851	1.238458708
31	1.00E-01	0.6401988	0.3654893	0.2996678	0.3884495	0.500241	0.6401988	0.8144637	1.030317	1.29636	0.314041887	0.344371674	0.498874658	0.6401988	0.81658752	1.147834679	1.244723024
32	0.1121584	0.6472616	0.3634106	0.3032476	0.3932767	0.5062911	0.6472616	0.8220513	1.037545	1.301793	0.317840392	0.348610487	0.504912127	0.6472616	0.824176899	1.154442275	1.25061193
33	0.1239687	0.6540283	0.3613959	0.3066976	0.3979281	0.5121084	0.6540283	0.8292859	1.044393	1.306891	0.321501791	0.352696504	0.510717399	0.6540283	0.831412635	1.160678658	1.256149968
34	0.1354265	0.6605164	0.3594414	0.3100255	0.4024138	0.517706	0.6605164	0.8361894	1.050886	1.311676	0.325034017	0.356638448	0.516303684	0.6605164	0.838316823	1.166568756	1.261360812
35	0.1465521	0.6667423	0.3575435	0.3132384	0.4067429	0.5230965	0.6667423	0.8427823	1.057047	1.31617	0.328444626	0.360444614	0.521683447	0.6667423	0.844910032	1.172135673	1.26626645
36	0.1573642	0.6727207	0.3556991	0.3163427	0.410924	0.5282912	0.6727207	0.8490831	1.062898	1.320391	0.331740234	0.364122297	0.5268678	0.6727207	0.851210732	1.177400127	1.270886603
37	0.1678801	0.6784662	0.3539052	0.3193446	0.4149654	0.5333009	0.6784662	0.8551099	1.068458	1.324358	0.334927553	0.367678884	0.531867881	0.6784662	0.857237127	1.182382595	1.27524091
38	0.1781156	0.6839916	0.3521592	0.3222498	0.4188744	0.5381356	0.6839916	0.8608787	1.073746	1.328088	0.338012338	0.371120733	0.536693403	0.6839916	0.863005197	1.187100941	1.279346443
39	0.1880851	0.6893085	0.3504585	0.3250634	0.4226577	0.5428042	0.6893085	0.8664039	1.078777	1.331595	0.340999951	0.374453749	0.541353257	0.6893085	0.868529266	1.191570815	1.283218025
40	0.1978023	0.6944274	0.3488009	0.3277898	0.4263214	0.5473146	0.6944274	0.8716984	1.083567	1.334891	0.343895059	0.377683104	0.545855417	0.6944274	0.873822355	1.195806473	1.286869167
41	0.2072795	0.6993572	0.3471842	0.3304327	0.4298703	0.5516738	0.6993572	0.876773	1.088126	1.337986	0.346701724	0.380813281	0.550206698	0.6993572	0.878895368	1.199819381	1.290310507
42	0.2165283	0.7041059	0.3456065	0.3329956	0.4333092	0.5558877	0.7041059	0.8816375	1.092465	1.340891	0.34942346	0.383848185	0.554413173	0.7041059	0.883758146	1.203619885	1.293551634
43	0.2255594	0.7086813	0.3440659	0.3354819	0.4366424	0.5599625	0.7086813	0.8863016	1.096596	1.343612	0.352063821	0.386791746	0.558480834	0.7086813	0.888420196	1.207217943	1.296601814
44	0.2343829	0.713091	0.3425608	0.3378948	0.4398744	0.5639039	0.713091	0.8907745	1.100527	1.34616	0.354626138	0.389647674	0.562415463	0.713091	0.892890859	1.210623617	1.299470564
45	0.2430082	0.7173424	0.3410894	0.3402375	0.4430094	0.5677176	0.7173424	0.8950652	1.10427	1.348543	0.357113911	0.392419829	0.566222833	0.7173424	0.897179044	1.213846226	1.30216662
46	0.2514438	0.721443	0.3396504	0.3425131	0.4460518	0.5714095	0.721443	0.8991828	1.107833	1.35077	0.359530431	0.395111878	0.569908657	0.721443	0.901294005	1.216896118	1.304700021
47	0.259698	0.7254001	0.3382424	0.344725	0.4490058	0.5749852	0.7254001	0.9031362	1.111227	1.35285	0.361879026	0.397727521	0.573478583	0.7254001	0.905244617	1.219783008	1.307080129
48	0.2677785	0.7292207	0.3368639	0.346876	0.4518754	0.5784502	0.7292207	0.9069338	1.11446	1.354793	0.364163062	0.400270465	0.576938115	0.7292207	0.909039268	1.222515886	1.30931556
49	0.2756923	0.7329114	0.3355139	0.3489691	0.4546646	0.5818095	0.7329114	0.9105837	1.117543	1.356606	0.366385399	0.402743917	0.580292289	0.7329114	0.912686084	1.225103927	1.311415294
50	0.2834462	0.7364788	0.3341912	0.3510072	0.4573773	0.5850684	0.7364788	0.9140938	1.120483	1.358297	0.368549118	0.405151294	0.583546264	0.7364788	0.91619302	1.227555867	1.313387822
51	0.2910466	0.7399296	0.3328947	0.3529933	0.4600173	0.5882321	0.7399296	0.9174722	1.12329	1.359877	0.370657343	0.407496065	0.586705278	0.7399296	0.919568169	1.229880735	1.315242001
52	0.2984993	0.7432709	0.3316233	0.3549304	0.4625891	0.5913061	0.7432709	0.9207276	1.125973	1.361353	0.372713494	0.409782008	0.589774934	0.7432709	0.922820077	1.232088201	1.316987416
53	0.3058102	0.7465091	0.3303762	0.3568215	0.4650962	0.5942956	0.7465091	0.9238675	1.12854	1.362735	0.374720406	0.412012306	0.592760181	0.7465091	0.925956544	1.234187176	1.318632913
54	0.3129843	0.7496502	0.3291524	0.3586692	0.4675425	0.5972052	0.7496502	0.9268991	1.131001	1.36403	0.376681006	0.414190188	0.59566578	0.7496502	0.92898473	1.236185601	1.320186303
55	0.3200268	0.7526998	0.327951	0.3604759	0.4699311	0.6000394	0.7526998	0.9298293	1.133362	1.365246	0.378597943	0.416318602	0.598496159	0.7526998	0.931911312	1.238090818	1.321654782
56	0.3269425	0.755663	0.3267713	0.3622441	0.4722652	0.6028022	0.755663	0.9326641	1.135629	1.366389	0.38047351	0.418400116	0.601255291	0.755663	0.934742438	1.239909681	1.323045097
57	0.3337357	0.7585447	0.3256125	0.3639757	0.4745477	0.6054974	0.7585447	0.9354091	1.13781	1.367465	0.382310057	0.42043734	0.603947066	0.7585447	0.937483924	1.241648549	1.324363476
58	0.3404107	0.7613491	0.3244738	0.3656728	0.4767812	0.6081285	0.7613491	0.9380697	1.139909	1.36848	0.384109611	0.422432523	0.606574839	0.7613491	0.940140693	1.243312581	1.325614871
59	0.3469717	0.7640805	0.3233546	0.3673371	0.4789682	0.6106988	0.7640805	0.9406505	1.141932	1.369437	0.385874101	0.424387838	0.609141977	0.7640805	0.942717883	1.244907412	1.326804802
60	0.3534224	0.7667423	0.3222542	0.3689703	0.4811109	0.613211	0.7667423	0.9431559	1.143884	1.370342	0.387605164	0.426305101	0.611651201	0.7667423	0.945219448	1.246437063	1.327937079
61	0.3597664	0.7693384	0.321172	0.370574	0.4832114	0.6156682	0.7693384	0.9455901	1.145769	1.371198	0.389304626	0.428186357	0.614105605	0.7693384	0.947649998	1.247906523	1.329016572
62	0.3660073	0.771872	0.3201074	0.3721497	0.4852719	0.6180732	0.771872	0.9479572	1.147591	1.37201	0.390973982	0.430033277	0.616507738	0.771872	0.95001326	1.249319606	1.33004691
63	0.3721484	0.7743466	0.3190598	0.3736989	0.4872943	0.6204284	0.7743466	0.950261	1.149354	1.372782	0.392614925	0.431847749	0.618860411	0.7743466	0.952313317	1.250680627	1.331032274
64	0.3781927	0.7767656	0.3180287	0.3752232	0.4892809	0.6227369	0.7767656	0.9525057	1.151064	1.373517	0.394229052	0.433631558	0.621166329	0.7767656	0.954554174	1.251993918	1.331976905
65	0.3841433	0.7791322	0.3170137	0.376724	0.4912336	0.625001	0.7791322	0.9546949	1.152723	1.374219	0.39581777	0.435386298	0.623428001	0.7791322	0.956739634	1.253263618	1.332884859
66	0.390003	0.7814495	0.3160141	0.3782026	0.4931541	0.6272233	0.7814495	0.9568321	1.154335	1.374892	0.397382769	0.437113819	0.625648013	0.7814495	0.958873187	1.254493206	1.333759442
67	0.3957747	0.7837201	0.3150295	0.3796604	0.4950443	0.6294059	0.7837201	0.9589206	1.155905	1.375539	0.398925203	0.438815432	0.627828422	0.7837201	0.960957869	1.255685834	1.334603683
68	0.4014608	0.7859468	0.3140595	0.3810984	0.4969057	0.631551	0.7859468	0.9609634	1.157435	1.376162	0.400446392	0.440492614	0.629971466	0.7859468	0.962996961	1.256845024	1.335421025
69	0.4070639	0.788132	0.3131037	0.3825178	0.4987399	0.6336607	0.788132	0.9629633	1.158928	1.376766	0.401947445	0.442146616	0.632079067	0.788132	0.964993238	1.257973612	1.33621418
70	0.4125864	0.7902781	0.3121617	0.3839197	0.5005484	0.6357368	0.7902781	0.9649233	1.160387	1.377352	0.403429502	0.44377872	0.63415316	0.7902781	0.966949466	1.259074444	1.336985884
71	0.4180306	0.7923872	0.311233	0.3853051	0.5023324	0.6377811	0.7923872	0.9668455	1.161814	1.377922	0.404893677	0.445390152	0.636195499	0.7923872	0.968867977	1.260149717	1.337738169
72	0.4233986	0.7944612	0.3103172	0.3866747	0.5040931	0.6397949	0.7944612	0.968732	1.163213	1.378478	0.406340911	0.446981964	0.638207638	0.7944612	0.970750911	1.261201494	1.338472961
73	0.4286925	0.7965018	0.3094142	0.3880294	0.5058316	0.6417799	0.7965018	0.9705849	1.164583	1.379022	0.407771753	0.448554825	0.640190841	0.7965018	0.972600338	1.262232025	1.339192449
74	0.4339145	0.7985104	0.3085234	0.3893698	0.5075488	0.6437372	0.7985104	0.9724059	1.165928	1.379555	0.409187101	0.450109707	0.64214637	0.7985104	0.974417651	1.263242211	1.33989729
75	0.4390663	0.8004887	0.3076445	0.3906965	0.5092457	0.645668	0.8004887	0.9741966	1.16725	1.380079	0.410587768	0.451647519	0.644075599	0.8004887	0.976204792	1.264233998	1.340589333
76	0.4441499	0.802438	0.3067774	0.3920103	0.5109231	0.6475735	0.802438	0.9759585	1.168548	1.380594	0.411974128	0.453168738	0.645979488	0.802438	0.977963327	1.265208998	1.341270107
77	0.4491671	0.8043594	0.3059215	0.3933116	0.5125818	0.6494547	0.8043594	0.977693	1.169825	1.381102	0.413347003	0.454674234	0.647859085	0.8043594	0.97969427	1.266167675	1.341939834
78	0.4541195	0.8062541	0.3050767	0.3946009	0.5142224	0.6513124	0.8062541	0.9794012	1.171082	1.381603	0.414706774	0.456164475	0.649715284	0.8062541	0.981399062	1.267111526	1.342599942
79	0.4590088	0.8081232	0.3042426	0.3958787	0.5158457	0.6531475	0.8081232	0.9810843	1.17232	1.382098	0.416054083	0.457640165	0.651549049	0.8081232	0.983078832	1.268041366	1.343251079
80	0.4638366	0.8099676	0.3034191	0.3971454	0.5174523	0.654961	0.8099676	0.9827436	1.173539	1.382588	0.417389166	0.459101615	0.653361041	0.8099676	0.984734646	1.268958214	1.343894174
81	0.4686044	0.8117883	0.3026057	0.3984014	0.5190427	0.6567534	0.8117883	0.9843797	1.174742	1.383073	0.418712758	0.460549602	0.655152205	0.8117883	0.986367447	1.26986258	1.344529544
82	0.4733138	0.8135861	0.3018024	0.3996471	0.5206173	0.6585256	0.8135861	0.9859937	1.175928	1.383554	0.42002495	0.461984296	0.656923081	0.8135861	0.987978232	1.270755496	1.34515816
83	0.477966	0.8153616	0.3010088	0.4008828	0.5221768	0.660278	0.8153616	0.9875863	1.177098	1.38403	0.421326206	0.463406188	0.658674253	0.8153616	0.989567518	1.27163705	1.345779929
84	0.4825626	0.8171155	0.3002247	0.4021088	0.5237215	0.6620113	0.8171155	0.9891582	1.178253	1.384503	0.422616794	0.464815599	0.660406287	0.8171155	0.991136054	1.27250778	1.346395266
85	0.4871047	0.8188487	0.2994498	0.4033253	0.5252518	0.6637261	0.8188487	0.99071	1.179393	1.384973	0.42389725	0.466213113	0.662119969	0.8188487	0.992684778	1.273368424	1.347004796
