LMSchartmaker Pro version 2.54																	
Data file: X:\bhinton\Data\HispFmiLmi.txt																	
Free format																	
Age: field 6																	
Measure: field 9																	
Weighting: field 0																	
Selector: field 3																	
Count: 2300																	
edf:	L	M	S														
    	2	4	2								3	5	25	50	75	95	97
Age	L	M	S	-2.0001	-1.3334	-0.6667	0	0.6667	1.3334	2.0001	-1.881	-1.645	-0.674	0	0.674	1.645	1.881
8	-0.4315077	1.898588	0.5183533	0.805926	1.036885	1.375732	1.898588	2.760333	4.314105	7.504575	0.841379922	0.918542594	1.371212746	1.898588	2.772647646	5.497547775	6.728883127
9	-0.3855121	2.131539	0.508761	0.9033749	1.166742	1.549711	2.131539	3.065948	4.679754	7.75833	0.943906965	1.032000084	1.544632538	2.131539	3.079087194	5.855159305	7.035217705
10	-0.3429675	2.348856	0.4998884	0.9942788	1.288707	1.713199	2.348856	3.346247	5.006418	7.991144	1.039705111	1.138300099	1.707601136	2.348856	3.360072736	6.171737463	7.309004606
11	-0.3033055	2.554796	0.4916169	1.080512	1.405076	1.869176	2.554796	3.608139	5.30597	8.212273	1.130711541	1.239519266	1.863087802	2.554796	3.622554985	6.461131696	7.562736835
12	-0.2660933	2.752319	0.4838564	1.163378	1.517448	2.019717	2.752319	3.856358	5.586114	8.426831	1.218274157	1.337103062	2.013160439	2.752319	3.871294414	6.731899875	7.803695615
13	-0.2309928	2.94291	0.4765362	1.243543	1.62662	2.165843	2.94291	4.093365	5.850789	8.635939	1.303080002	1.431780875	2.158837222	2.94291	4.108767385	6.988064433	8.034611104
14	-0.1977348	3.127071	0.4696003	1.321253	1.732849	2.307866	3.127071	4.320149	6.101629	8.838628	1.385374645	1.523802044	2.300429494	3.127071	4.335970621	7.231023243	8.255734722
15	-0.1661006	3.304726	0.463003	1.396502	1.836074	2.445678	3.304726	4.536849	6.339002	9.033072	1.465143469	1.613132153	2.437829909	3.304726	4.553044685	7.460802436	8.466143699
16	-0.1359102	3.47577	0.4567068	1.469267	1.936214	2.579154	3.47577	4.743533	6.563165	9.217981	1.542354464	1.699718974	2.570911475	3.47577	4.760062573	7.677416086	8.665180225
17	-0.1070133	3.639926	0.4506804	1.53945	2.033093	2.708038	3.639926	4.940018	6.774014	9.392019	1.61689533	1.783422824	2.699421081	3.639926	4.956840931	7.880534126	8.851984977
18	-7.93E-02	3.796684	0.4448973	1.606849	2.126399	2.831903	3.796684	5.125788	6.970995	9.553568	1.688546418	1.863986219	2.822932364	3.796684	5.142867356	8.069370032	9.025321418
19	-0.052611	3.945607	0.4393349	1.67129	2.215858	2.950375	3.945607	5.300429	7.153697	9.701462	1.75711646	1.941183288	2.941071379	3.945607	5.317723468	8.243349022	9.18429134
20	-2.69E-02	4.086521	0.4339738	1.732704	2.30134	3.063273	4.086521	5.463864	7.322167	9.835324	1.82252716	2.014913508	3.053659053	4.086521	5.481338484	8.402469737	9.328703915
21	-2.08E-03	4.219666	0.4287972	1.791196	2.382946	3.17073	4.219666	5.616564	7.477173	9.955846	1.88488174	2.08527795	3.160826687	4.219666	5.634183835	8.547560825	9.45933103
22	2.19E-02	4.345473	0.4237904	1.846951	2.460889	3.273026	4.345473	5.759233	7.619761	10.06413	1.944366969	2.152471431	3.262852209	4.345473	5.776966115	8.67977577	9.577324847
23	4.52E-02	4.464346	0.4189405	1.900139	2.535364	3.370422	4.464346	5.892515	7.750871	10.16117	2.001156373	2.216675486	3.359997483	4.464346	5.910335863	8.800147387	9.683716991
24	6.77E-02	4.576673	0.414236	1.950921	2.606561	3.463173	4.576673	6.017019	7.871372	10.24789	2.055415864	2.278064386	3.452516431	4.576673	6.034904814	8.909620947	9.779452852
25	8.96E-02	4.682964	0.4096668	1.999512	2.674743	3.551631	4.682964	6.133503	7.982306	10.32542	2.107365164	2.336873253	3.54075852	4.682964	6.151430472	9.009332296	9.865694992
26	0.1109526	4.783772	0.4052238	2.046141	2.740196	3.636184	4.783772	6.242758	8.084737	10.39498	2.157243907	2.393360366	3.625110286	4.783772	6.260710586	9.100447575	9.943643163
27	0.1316908	4.879535	0.4008989	2.090993	2.803149	3.717135	4.879535	6.345417	8.179507	10.45746	2.205240076	2.447727784	3.705875157	4.879535	6.363378328	9.183870001	10.01421321
28	0.151898	4.970605	0.3966847	2.134211	2.863779	3.794729	4.970605	6.441988	8.267283	10.51356	2.25150373	2.500136204	3.783294883	4.970605	6.459943339	9.260308566	10.07811344
29	0.1716062	5.057279	0.3925746	2.175917	2.922234	3.869167	5.057279	6.532897	8.348619	10.56383	2.296159621	2.550719035	3.857571778	5.057279	6.550835541	9.330348768	10.13592249
30	0.1908442	5.139817	0.3885625	2.216217	2.978646	3.940627	5.139817	6.618521	8.423996	10.60876	2.339316649	2.599592532	3.928882568	5.139817	6.636429545	9.394490531	10.18813057
31	0.2096385	5.218455	0.384643	2.255205	3.03313	4.009271	5.218455	6.699194	8.493842	10.64875	2.381071968	2.646860601	3.997387164	5.218455	6.717063763	9.453179122	10.23517291
32	0.228013	5.2934	0.380811	2.292965	3.085787	4.075237	5.2934	6.775212	8.558526	10.68418	2.421510834	2.692614169	4.063225576	5.2934	6.793033639	9.50679541	10.27741866
33	0.2459898	5.364819	0.377062	2.32956	3.136695	4.138637	5.364819	6.846813	8.618345	10.7153	2.460699238	2.736923349	4.126508104	5.364819	6.864579908	9.555643133	10.31515729
34	0.2635893	5.432871	0.3733916	2.365052	3.185931	4.199579	5.432871	6.914226	8.673581	10.74238	2.498701016	2.779855989	4.187340977	5.432871	6.931928526	9.600002772	10.3486559
35	0.2808301	5.497707	0.3697961	2.399501	3.233565	4.258162	5.497707	6.977661	8.724493	10.76565	2.535574535	2.821474476	4.245824402	5.497707	6.995293896	9.640141458	10.37817082
36	0.2977294	5.559468	0.3662718	2.432958	3.279665	4.314481	5.559468	7.037318	8.771321	10.78534	2.571375354	2.861838098	4.302052879	5.559468	7.054873714	9.676300742	10.40393274
37	0.3143032	5.618289	0.3628153	2.465474	3.324291	4.368628	5.618289	7.093381	8.81429	10.80166	2.606156199	2.901003313	4.356117214	5.618289	7.1108558	9.708708694	10.4261601
38	0.3305664	5.674283	0.3594236	2.497092	3.367498	4.420676	5.674283	7.146011	8.85359	10.81478	2.639958718	2.93901468	4.408091604	5.674283	7.163398715	9.737554628	10.44503196
39	0.3465326	5.727535	0.3560939	2.52784	3.409318	4.470681	5.727535	7.195328	8.889362	10.82481	2.672811874	2.975902803	4.458029369	5.727535	7.212623966	9.762978218	10.46067602
40	0.3622149	5.7781	0.3528234	2.557734	3.449771	4.518672	5.7781	7.241413	8.921702	10.83181	2.704731479	3.011683745	4.505961665	5.7781	7.258613076	9.785064331	10.47316264
41	0.377625	5.825993	0.3496096	2.58677	3.48885	4.564651	5.825993	7.284298	8.950641	10.83578	2.735714115	3.046352348	4.551888551	5.825993	7.301397173	9.803833251	10.48249529
42	0.3927742	5.871205	0.3464503	2.614936	3.526535	4.608599	5.871205	7.323984	8.976173	10.83667	2.765743409	3.079889488	4.595790996	5.871205	7.340977528	9.819268286	10.48863984
43	0.407673	5.91374	0.3433431	2.642223	3.562813	4.650506	5.91374	7.360485	8.998314	10.83446	2.794811114	3.112284825	4.637661433	5.91374	7.377369955	9.831372373	10.49158435
44	0.4223312	5.9536	0.3402862	2.668621	3.597669	4.690365	5.9536	7.393817	9.017081	10.82913	2.822904405	3.143523683	4.677489293	5.9536	7.410589629	9.840152999	10.49132393
45	0.436758	5.990794	0.3372775	2.694123	3.631095	4.72817	5.990794	7.424004	9.032495	10.82068	2.850016379	3.173597623	4.71527111	5.990794	7.440658252	9.845625076	10.48786223
46	0.4509621	6.025349	0.3343152	2.71873	3.663091	4.763933	6.025349	7.451087	9.04461	10.80914	2.876147015	3.2025063	4.751017137	6.025349	7.467620365	9.847836365	10.48123925
47	0.4649517	6.057311	0.3313977	2.742451	3.693669	4.797678	6.057311	7.475135	9.053503	10.79459	2.901304414	3.230258737	4.784752561	6.057311	7.491543952	9.846866978	10.4715304
48	0.4787344	6.086733	0.3285233	2.765297	3.722848	4.829439	6.086733	7.496223	9.059267	10.77711	2.925501549	3.256869238	4.816509194	6.086733	7.512504105	9.842805436	10.45882045
49	0.4923176	6.113664	0.3256906	2.787279	3.750641	4.859242	6.113664	7.514421	9.061981	10.75677	2.948747609	3.282348426	4.84631529	6.113664	7.530571212	9.835735528	10.44318992
50	0.5057081	6.138171	0.322898	2.808414	3.777076	4.887134	6.138171	7.529821	9.061756	10.73368	2.971062862	3.30671894	4.874214826	6.138171	7.545835895	9.8257658	10.42474578
51	0.5189124	6.160356	0.3201443	2.828737	3.8022	4.913183	6.160356	7.542554	9.058746	10.70801	2.992482062	3.330020189	4.90027889	6.160356	7.558432412	9.813063394	10.40365794
52	0.5319368	6.180342	0.3174281	2.848291	3.826076	4.937481	6.180342	7.55278	9.053143	10.67996	3.01305263	3.352305423	4.92459693	6.180342	7.568518405	9.797822893	10.38012511
53	0.5447869	6.198251	0.3147482	2.867121	3.848766	4.960118	6.198251	7.560653	9.045126	10.64972	3.032821322	3.373627353	4.947257904	6.198251	7.576249744	9.780236599	10.3543439
54	0.5574684	6.214195	0.3121035	2.885268	3.870329	4.981174	6.214195	7.566315	9.034863	10.61749	3.051829886	3.394033384	4.968343308	6.214195	7.581769059	9.760478583	10.32649166
55	0.5699866	6.228286	0.3094928	2.90277	3.890819	5.000732	6.228286	7.569908	9.022517	10.58342	3.070122058	3.413572921	4.987935916	6.228286	7.585217261	9.738718856	10.2967413
56	0.5823464	6.240627	0.3069152	2.919666	3.910293	5.01887	6.240627	7.571561	9.008241	10.54768	3.087735717	3.432289295	5.006111024	6.240627	7.586724486	9.715114494	10.2652525
57	0.5945528	6.251319	0.3043696	2.935991	3.9288	5.035661	6.251319	7.571398	8.992174	10.51042	3.104710142	3.450227126	5.022943828	6.251319	7.586416386	9.689814276	10.23217586
58	0.6066101	6.26045	0.301855	2.951775	3.946388	5.051171	6.26045	7.569531	8.974444	10.47176	3.121078667	3.46742443	5.038499508	6.26045	7.584402362	9.662946337	10.19764044
59	0.6185228	6.268098	0.2993706	2.967046	3.963094	5.065458	6.268098	7.566056	8.955162	10.43183	3.136868351	3.48391269	5.05283503	6.268098	7.580779695	9.634623723	10.16175964
60	0.6302949	6.274339	0.2969156	2.981828	3.978958	5.078578	6.274339	7.561067	8.93443	10.39073	3.152106271	3.499723308	5.066006382	6.274339	7.575642528	9.604955162	10.12464246
61	0.6419305	6.279253	0.294489	2.99615	3.994021	5.09059	6.279253	7.55466	8.912361	10.34857	3.166823885	3.514892225	5.078074117	6.279253	7.569088164	9.574051449	10.08639981
62	0.6534333	6.282911	0.2920901	3.010037	4.00832	5.101549	6.282911	7.546923	8.88905	10.30546	3.181046375	3.529448862	5.08909094	6.282911	7.561203749	9.542012105	10.04713127
63	0.664807	6.28539	0.2897181	3.023514	4.021897	5.111514	6.28539	7.537951	8.864603	10.26148	3.194803493	3.54342753	5.099115323	6.28539	7.552082543	9.508943226	10.00694325
64	0.676055	6.286781	0.2873724	3.036617	4.0348	5.120553	6.286781	7.527849	8.83914	10.21678	3.208131173	3.556869684	5.108216885	6.286781	7.541834872	9.47497324	9.965965972
65	0.6871806	6.287167	0.2850521	3.049377	4.047077	5.128731	6.287167	7.51672	8.812775	10.17147	3.221064963	3.569815721	5.116460522	6.287167	7.530559403	9.440213438	9.924311267
66	0.6981871	6.286626	0.2827567	3.061824	4.058772	5.13611	6.286626	7.504658	8.78561	10.12566	3.233634778	3.582300543	5.123906003	6.286626	7.518349961	9.404770968	9.88208712
67	0.7090775	6.285234	0.2804856	3.073986	4.069926	5.142748	6.285234	7.491749	8.757743	10.07944	3.24587139	3.594359695	5.130612394	6.285234	7.505296972	9.368747772	9.83939598
68	0.7198546	6.283062	0.278238	3.08589	4.080581	5.148701	6.283062	7.47808	8.729267	10.03292	3.257805801	3.606028485	5.136635974	6.283062	7.491483464	9.332235035	9.796328793
69	0.7305214	6.280191	0.2760135	3.097569	4.090783	5.154034	6.280191	7.463746	8.700288	9.986189	3.269470823	3.617345037	5.142040037	6.280191	7.477005629	9.295342244	9.752996213
70	0.7410805	6.276689	0.2738114	3.109049	4.100572	5.1588	6.276689	7.448824	8.67089	9.939346	3.280896505	3.628343651	5.146878946	6.276689	7.461942347	9.258155332	9.709483865
71	0.7515345	6.272614	0.2716312	3.120352	4.109981	5.163045	6.272614	7.433384	8.641146	9.89246	3.292106346	3.639051737	5.151198468	6.272614	7.446361066	9.220746958	9.66586374
72	0.7618859	6.268029	0.2694724	3.131504	4.119048	5.166821	6.268029	7.417497	8.611135	9.845609	3.303127132	3.649500273	5.15504885	6.268029	7.430334797	9.183196509	9.622214941
73	0.7721373	6.263	0.2673345	3.142532	4.127811	5.17018	6.263	7.401241	8.580938	9.798874	3.313987793	3.659722573	5.158483175	6.263	7.413939696	9.145586959	9.578620338
74	0.7822907	6.257595	0.265217	3.153463	4.136312	5.173177	6.257595	7.384692	8.55064	9.752342	3.324719468	3.669754164	5.161556622	6.257595	7.397253943	9.10800378	9.535165536
75	0.7923486	6.251877	0.2631195	3.164326	4.144591	5.175864	6.251877	7.367922	8.520317	9.706089	3.335349898	3.679627101	5.164320171	6.251877	7.3803498	9.070525225	9.491928631
76	0.802313	6.245908	0.2610414	3.175145	4.152685	5.178292	6.245908	7.351003	8.490046	9.660192	3.345909401	3.689375639	5.166825191	6.245908	7.363297165	9.033225493	9.44898334
77	0.8121861	6.239741	0.2589824	3.185945	4.160627	5.180504	6.239741	7.333994	8.459887	9.614709	3.356420856	3.699026463	5.169114709	6.239741	7.346156287	8.99616839	9.40639286
78	0.8219698	6.233421	0.256942	3.196744	4.168447	5.182538	6.233421	7.316945	8.429893	9.569692	3.3669057	3.708604088	5.17122625	6.233421	7.328976888	8.959403712	9.364205589
79	0.8316661	6.226989	0.2549199	3.207559	4.176168	5.184427	6.226989	7.299901	8.400109	9.525179	3.377381544	3.71812922	5.173193451	6.226989	7.311804627	8.922977345	9.322466115
80	0.8412769	6.220479	0.2529155	3.218405	4.183813	5.186201	6.220479	7.282898	8.370573	9.481205	3.387865906	3.727621704	5.175045588	6.220479	7.294675479	8.886921719	9.281204693
81	0.8508039	6.213922	0.2509287	3.229294	4.191402	5.187886	6.213922	7.265971	8.341316	9.437798	3.398369938	3.737095401	5.176807616	6.213922	7.277623931	8.8512704	9.240453447
82	0.860249	6.207343	0.2489589	3.240236	4.19895	5.189502	6.207343	7.249146	8.312363	9.394974	3.408907047	3.746565525	5.178501682	6.207343	7.260675157	8.816042833	9.200229224
83	0.8696138	6.20076	0.2470059	3.251238	4.206469	5.191066	6.20076	7.23244	8.283728	9.352743	3.419483076	3.756039759	5.180142628	6.20076	7.24384781	8.781253035	9.160543792
84	0.8788999	6.194194	0.2450693	3.262308	4.213971	5.192595	6.194194	7.215874	8.255429	9.311118	3.430107938	3.765529767	5.181748738	6.194194	7.227163142	8.746917218	9.121411065
85	0.8881089	6.187665	0.2431488	3.273454	4.22147	5.194107	6.187665	7.199471	8.227487	9.270111	3.440790212	3.775045933	5.18333717	6.187665	7.210641602	8.713051315	9.082844856
