LMSchartmaker Pro version 2.54																	
Data file: X:\bhinton\WhiteFmiLmi.txt																	
Free format																	
Age: field 6																	
Measure: field 22																	
Weighting: field 0																	
Selector: field 3																	
Count: 3150																	
edf:	L	M	S														
    	1	4	1								3	5	25	50	75	95	97
Age	L	M	S	-2.0001	-1.3334	-0.6667	0	0.6667	1.3334	2.0001	-1.881	-1.645	-0.674	0	0.674	1.645	1.881
8	-0.820287	12.53521	0.1242927	9.997133	10.73112	11.56948	12.53521	13.65845	14.97941	16.55293	10.12144833	10.37627016	11.55965658	12.53521	13.67175728	15.67935235	16.2502505
9	-0.820287	13.00635	0.1242927	10.37288	11.13445	12.00432	13.00635	14.17181	15.54242	17.17508	10.50186631	10.7662657	11.99413008	13.00635	14.18561479	16.26866597	16.86102153
10	-0.820287	13.42243	0.1242927	10.70471	11.49065	12.38834	13.42243	14.62516	16.03962	17.72451	10.83782655	11.11068422	12.37782863	13.42243	14.63942009	16.78910918	17.4004145
11	-0.820287	13.78931	0.1242927	10.99731	11.80473	12.72696	13.78931	15.02493	16.47805	18.20899	11.13406068	11.41437646	12.71615617	13.78931	15.03956451	17.24801181	17.87602615
12	-0.820287	14.11266	0.1242927	11.25519	12.08154	13.0254	14.11266	15.37724	16.86444	18.63597	11.39514687	11.68203587	13.01434144	14.11266	15.39223213	17.65246603	18.29520688
13	-0.820287	14.39599	0.1242927	11.48115	12.32409	13.2869	14.39599	15.68597	17.20302	19.01012	11.62391926	11.91656793	13.27562127	14.39599	15.7012512	18.00686224	18.66250695
14	-0.820287	14.64293	0.1242927	11.6781	12.5355	13.51482	14.64293	15.95504	17.49811	19.33621	11.82330886	12.12097744	13.50334315	14.64293	15.97058086	18.31574093	18.98263217
15	-0.820287	14.85751	0.1242927	11.84923	12.71919	13.71287	14.85751	16.18885	17.75453	19.61957	11.99656965	12.29860032	13.70122345	14.85751	16.20461648	18.58414293	19.26080691
16	-0.820287	15.04349	0.1242927	11.99755	12.8784	13.88451	15.04349	16.39148	17.97677	19.86514	12.14673761	12.45254898	13.87272954	15.04349	16.40745899	18.81677134	19.50190551
17	-0.820287	15.20465	0.1242927	12.12608	13.01637	14.03326	15.20465	16.56709	18.16935	20.07796	12.27686488	12.58595238	14.02134726	15.20465	16.5832311	19.01835427	19.71082824
18	-0.820287	15.34428	0.1242927	12.23744	13.13591	14.16214	15.34428	16.71923	18.33622	20.26235	12.38960793	12.7015339	14.15011055	15.34428	16.73552113	19.19300695	19.89184017
19	-0.820287	15.46491	0.1242927	12.33364	13.23918	14.27347	15.46491	16.85067	18.48037	20.42165	12.48700959	12.80138779	14.26135251	15.46491	16.86708846	19.34389395	20.04822109
20	-0.820287	15.56879	0.1242927	12.41649	13.3281	14.36935	15.56879	16.96386	18.6045	20.55882	12.57088661	12.88737653	14.35714804	15.56879	16.98038709	19.47382964	20.18288784
21	-0.820287	15.65804	0.1242927	12.48767	13.40451	14.45173	15.65804	17.06111	18.71116	20.67668	12.64295077	12.961255	14.43945216	15.65804	17.07772924	19.58546576	20.29858873
22	-0.820287	15.73462	0.1242927	12.54875	13.47007	14.5224	15.73462	17.14455	18.80267	20.7778	12.70478463	13.02464562	14.51007231	15.73462	17.16125263	19.68125393	20.39786462
23	-0.820287	15.8003	0.1242927	12.60113	13.5263	14.58302	15.8003	17.21612	18.88116	20.86453	12.75781739	13.07901355	14.57064076	15.8003	17.23288773	19.7634081	20.4830101
24	-0.820287	15.85663	0.1242927	12.64605	13.57452	14.63501	15.85663	17.27749	18.94847	20.93892	12.80330057	13.12564183	14.62258688	15.85663	17.29432508	19.83386707	20.55603453
25	-0.820287	15.90496	0.1242927	12.68459	13.61589	14.67962	15.90496	17.33015	19.00621	21.00273	12.84232421	13.16564796	14.66715559	15.90496	17.34703708	19.89431943	20.61868802
26	-0.820287	15.94641	0.1242927	12.71765	13.65137	14.71787	15.94641	17.37531	19.05575	21.05747	12.87579266	13.19995902	14.70537974	15.94641	17.39224529	19.94616612	20.67242249
27	-0.820287	15.98182	0.1242927	12.74589	13.68169	14.75056	15.98182	17.4139	19.09807	21.10423	12.90438416	13.22927035	14.73803396	15.98182	17.43086585	19.99045783	20.7183269
28	-0.820287	16.01191	0.1242927	12.76989	13.70745	14.77833	16.01191	17.44668	19.13402	21.14396	12.92868008	13.25417795	14.7657822	16.01191	17.46368407	20.02809515	20.75733462
29	-0.820287	16.0373	0.1242927	12.79014	13.72918	14.80176	16.0373	17.47435	19.16436	21.17749	12.94918102	13.27519503	14.78919623	16.0373	17.49137614	20.0598536	20.79024942
30	-0.820287	16.05856	0.1242927	12.80709	13.74739	14.82139	16.05856	17.49752	19.18977	21.20557	12.96634722	13.29279342	14.80880166	16.05856	17.51456375	20.08644613	20.81781021
31	-0.820287	16.07617	0.1242927	12.82113	13.76246	14.83764	16.07617	17.5167	19.21081	21.22882	12.98056627	13.30737045	14.82504117	16.07617	17.53377042	20.10847316	20.84063926
32	-0.820287	16.09052	0.1242927	12.83258	13.77474	14.85088	16.09052	17.53234	19.22796	21.24777	12.99215305	13.31924895	14.83827438	16.09052	17.54942151	20.12642249	20.85924215
33	-0.820287	16.10197	0.1242927	12.84171	13.78455	14.86145	16.10197	17.54482	19.24164	21.26289	13.00139826	13.32872691	14.84883328	16.10197	17.56190966	20.14074444	20.87408556
34	-0.820287	16.11082	0.1242927	12.84877	13.79213	14.86962	16.11082	17.55446	19.25222	21.27458	13.00854411	13.33605268	14.85699453	16.11082	17.57156208	20.15181424	20.88555842
35	-0.820287	16.11733	0.1242927	12.85396	13.7977	14.87563	16.11733	17.56155	19.26	21.28317	13.01380056	13.34144146	14.86299789	16.11733	17.57866233	20.15995711	20.89399778
36	-0.820287	16.1217	0.1242927	12.85745	13.80144	14.87966	16.1217	17.56631	19.26522	21.28894	13.01732908	13.34505881	14.86702779	16.1217	17.58342855	20.16542321	20.89966291
37	-0.820287	16.12407	0.1242927	12.85934	13.80346	14.88185	16.12407	17.56889	19.26805	21.29207	13.01924271	13.34702063	14.86921335	16.12407	17.58601343	20.16838767	20.90273531
38	-0.820287	16.12456	0.1242927	12.85973	13.80389	14.8823	16.12456	17.56943	19.26864	21.29272	13.01963836	13.34742624	14.86966521	16.12456	17.58654786	20.16900057	20.90337053
39	-0.820287	16.12329	0.1242927	12.85871	13.8028	14.88112	16.12329	17.56804	19.26712	21.29104	13.01861291	13.34637497	14.86849405	16.12329	17.58516271	20.16741203	20.90172414
40	-0.820287	16.12033	0.1242927	12.85635	13.80026	14.87839	16.12033	17.56482	19.26358	21.28713	13.01622288	13.34392477	14.86576441	16.12033	17.58193433	20.16370958	20.89788689
41	-0.820287	16.11577	0.1242927	12.85272	13.79636	14.87419	16.11577	17.55985	19.25813	21.28111	13.01254095	13.34015014	14.86155929	16.11577	17.57696088	20.15800582	20.89197545
42	-0.820287	16.10969	0.1242927	12.84787	13.79116	14.86858	16.10969	17.55323	19.25087	21.27308	13.0076317	13.3351173	14.85595247	16.10969	17.57032962	20.15040081	20.88409353
43	-0.820287	16.10219	0.1242927	12.84188	13.78473	14.86165	16.10219	17.54505	19.2419	21.26317	13.00157589	13.32890902	14.84903616	16.10219	17.56214961	20.14101962	20.87437076
44	-0.820287	16.09332	0.1242927	12.83481	13.77714	14.85347	16.09332	17.53539	19.23131	21.25147	12.99441389	13.3215667	14.84085647	16.09332	17.55247538	20.1299248	20.86287198
45	-0.820287	16.08315	0.1242927	12.8267	13.76843	14.84408	16.08315	17.52431	19.21915	21.23803	12.98620221	13.31314828	14.83147795	16.08315	17.54138328	20.11720392	20.84968791
46	-0.820287	16.07173	0.1242927	12.81759	13.75866	14.83354	16.07173	17.51186	19.2055	21.22295	12.97698123	13.30369515	14.82094671	16.07173	17.52892785	20.1029195	20.83488338
47	-0.820287	16.05914	0.1242927	12.80755	13.74788	14.82192	16.05914	17.49814	19.19046	21.20633	12.96681554	13.29327353	14.80933653	16.05914	17.51519633	20.08717161	20.8185621
48	-0.820287	16.04544	0.1242927	12.79663	13.73615	14.80928	16.04544	17.48322	19.17409	21.18824	12.95575359	13.28193308	14.79670273	16.04544	17.50025418	20.07003531	20.80080186
49	-0.820287	16.03073	0.1242927	12.7849	13.72356	14.7957	16.03073	17.46719	19.15651	21.16881	12.94387613	13.26975658	14.78313754	16.03073	17.48421044	20.05163568	20.78173228
50	-0.820287	16.01507	0.1242927	12.77241	13.71015	14.78124	16.01507	17.45012	19.1378	21.14813	12.93123159	13.2567937	14.76869628	16.01507	17.46713058	20.03204776	20.76143115
51	-0.820287	15.99853	0.1242927	12.75921	13.69599	14.76598	15.99853	17.4321	19.11803	21.12629	12.91787651	13.24310239	14.7534435	15.99853	17.44909092	20.01135912	20.73998921
52	-0.820287	15.98118	0.1242927	12.74538	13.68114	14.74996	15.98118	17.4132	19.0973	21.10338	12.9038674	13.22874058	14.73744377	15.98118	17.43016783	19.9896573	20.71749722
53	-0.820287	15.9631	0.1242927	12.73096	13.66566	14.73328	15.9631	17.3935	19.0757	21.07951	12.88926886	13.2137745	14.72077084	15.9631	17.41044854	19.96704239	20.69405888
54	-0.820287	15.94436	0.1242927	12.71602	13.64962	14.71598	15.94436	17.37309	19.0533	21.05477	12.87413741	13.19826209	14.70348929	15.94436	17.39000942	19.94360193	20.66976494
55	-0.820287	15.92503	0.1242927	12.7006	13.63307	14.69814	15.92503	17.35202	19.0302	21.02924	12.85852956	13.1822613	14.68566364	15.92503	17.3689268	19.91942349	20.64470613
56	-0.820287	15.90518	0.1242927	12.68476	13.61608	14.67982	15.90518	17.33039	19.00648	21.00302	12.84250185	13.16583006	14.66735847	15.90518	17.34727703	19.89459461	20.61897322
57	-0.820287	15.88485	0.1242927	12.66855	13.59867	14.66106	15.88485	17.30824	18.98219	20.97618	12.82608656	13.1490015	14.64861066	15.88485	17.32510374	19.86916534	20.59261805
58	-0.820287	15.86412	0.1242927	12.65202	13.58092	14.64192	15.86412	17.28565	18.95741	20.9488	12.8093483	13.13184183	14.62949397	15.86412	17.30249418	19.84323575	20.56574433
59	-0.820287	15.84303	0.1242927	12.6352	13.56287	14.62246	15.84303	17.26267	18.93221	20.92095	12.79231936	13.11438416	14.6100453	15.84303	17.27949199	19.81685585	20.53840392
60	-0.820287	15.82163	0.1242927	12.61813	13.54455	14.6027	15.82163	17.23935	18.90664	20.89269	12.77504011	13.09666989	14.59031076	15.82163	17.25615168	19.7900882	20.51066164
61	-0.820287	15.79996	0.1242927	12.60085	13.526	14.58271	15.79996	17.21574	18.88074	20.86408	12.75754286	13.07873211	14.57032722	15.79996	17.2325169	19.76298282	20.48256933
62	-0.820287	15.77808	0.1242927	12.5834	13.50727	14.56251	15.77808	17.1919	18.8546	20.83518	12.73987604	13.0606205	14.55015004	15.77808	17.20865308	19.73561477	20.45420479
63	-0.820287	15.75602	0.1242927	12.56581	13.48838	14.54215	15.75602	17.16786	18.82823	20.80605	12.72206388	13.0423599	14.52980686	15.75602	17.18459293	19.70802158	20.42560691
64	-0.820287	15.73382	0.1242927	12.5481	13.46938	14.52166	15.73382	17.14367	18.80171	20.77674	12.70413868	13.02398341	14.50933457	15.73382	17.16038009	19.68025327	20.39682753
65	-0.820287	15.71151	0.1242927	12.53031	13.45028	14.50107	15.71151	17.11936	18.77504	20.74727	12.68612466	13.00551586	14.48876085	15.71151	17.13604728	19.65234736	20.36790555
66	-0.820287	15.68911	0.1242927	12.51244	13.4311	14.4804	15.68911	17.09496	18.74828	20.7177	12.66803797	12.98697381	14.46810413	15.68911	17.11161631	19.62432889	20.33886689
67	-0.820287	15.66665	0.1242927	12.49453	13.41188	14.45967	15.66665	17.07049	18.72144	20.68804	12.64990284	12.9683821	14.44739208	15.66665	17.0871199	19.59623536	20.30975046
68	-0.820287	15.64415	0.1242927	12.47659	13.39262	14.4389	15.64415	17.04597	18.69455	20.65833	12.6317354	12.94975727	14.42664315	15.64415	17.06257986	19.5680918	20.28058217
69	-0.820287	15.62163	0.1242927	12.45863	13.37334	14.41812	15.62163	17.02144	18.66765	20.6286	12.61355182	12.9311159	14.40587577	15.62163	17.03801801	19.53992322	20.25138795
70	-0.820287	15.59913	0.1242927	12.44068	13.35407	14.39735	15.59913	16.99692	18.64075	20.59888	12.59538439	12.91249107	14.38512683	15.59913	17.01347797	19.51177966	20.22221966
71	-0.820287	15.57666	0.1242927	12.42276	13.33484	14.37661	15.57666	16.97243	18.6139	20.56921	12.57724118	12.89389108	14.36440556	15.57666	16.98897065	19.48367363	20.19309026
72	-0.820287	15.55424	0.1242927	12.40489	13.31565	14.35592	15.55424	16.94801	18.58711	20.53961	12.55913834	12.87533248	14.3437304	15.55424	16.96451786	19.45563014	20.16402568
73	-0.820287	15.5319	0.1242927	12.38707	13.29652	14.3353	15.5319	16.92366	18.56042	20.51011	12.5411001	12.8568401	14.32312901	15.5319	16.94015233	19.42768671	20.13506481
74	-0.820287	15.50965	0.1242927	12.36932	13.27748	14.31476	15.50965	16.89942	18.53383	20.48072	12.52313453	12.83842222	14.30261062	15.50965	16.91588496	19.39985586	20.10622062
75	-0.820287	15.48751	0.1242927	12.35166	13.25852	14.29433	15.48751	16.87529	18.50737	20.45148	12.50525777	12.82009539	14.28219366	15.48751	16.89173756	19.37216259	20.07751902
76	-0.820287	15.46549	0.1242927	12.3341	13.23967	14.274	15.46549	16.8513	18.48105	20.4224	12.48747791	12.8018679	14.26188737	15.46549	16.86772104	19.34461943	20.04897299
77	-0.820287	15.44361	0.1242927	12.31666	13.22094	14.25381	15.44361	16.82746	18.45491	20.39352	12.46981109	12.78375629	14.24171018	15.44361	16.84385722	19.31725138	20.02060844
78	-0.820287	15.42189	0.1242927	12.29933	13.20235	14.23377	15.42189	16.8038	18.42896	20.36484	12.45227346	12.76577713	14.22168054	15.42189	16.8201679	19.29008347	19.99245132
79	-0.820287	15.40035	0.1242927	12.28216	13.18391	14.21389	15.40035	16.78033	18.40322	20.33639	12.43488117	12.74794696	14.20181689	15.40035	16.79667491	19.2631407	19.96452755
80	-0.820287	15.379	0.1242927	12.26513	13.16563	14.19418	15.379	16.75706	18.37771	20.3082	12.4176423	12.73027407	14.18212846	15.379	16.77338914	19.23643559	19.93685008
81	-0.820287	15.35786	0.1242927	12.24827	13.14753	14.17467	15.35786	16.73403	18.35244	20.28028	12.40057299	12.71277502	14.16263368	15.35786	16.75033241	19.20999315	19.90944485
82	-0.820287	15.33693	0.1242927	12.23158	13.12962	14.15535	15.33693	16.71123	18.32743	20.25265	12.38367324	12.69544979	14.14333256	15.33693	16.72750472	19.18381339	19.88231186
83	-0.820287	15.31623	0.1242927	12.21507	13.11189	14.13625	15.31623	16.68867	18.3027	20.22531	12.3669592	12.67831495	14.12424354	15.31623	16.70492788	19.15792131	19.85547703
84	-0.820287	15.29577	0.1242927	12.19875	13.09437	14.11736	15.29577	16.66637	18.27824	20.19829	12.35043895	12.66137878	14.10537584	15.29577	16.68261281	19.13232943	19.82895334
85	-0.820287	15.27554	0.1242927	12.18261	13.07705	14.09869	15.27554	16.64433	18.25406	20.17157	12.3341044	12.64463299	14.08672024	15.27554	16.66054858	19.10702525	19.8027278
