LMSchartmaker Pro version 2.54																	
Data file: X:\bhinton\Data\WhiteFmiLmi.txt																	
Free format																	
Age: field 6																	
Measure: field 15																	
Weighting: field 0																	
Selector: field 3																	
Count: 3150																	
edf:	L	M	S														
    	1	6	1								3	5	25	50	75	95	97
Age	L	M	S	-2.0001	-1.3334	-0.6667	0	0.6667	1.3334	2.0001	-1.881	-1.645	-0.674	0	0.674	1.645	1.881
8	-0.4017453	1.949524	0.152985	1.460816	1.602434	1.764072	1.949524	2.163504	2.411915	2.702228	1.484791259	1.533955134	1.762180273	1.949524	2.166025012	2.541858897	2.646898446
9	-0.4017453	2.074042	0.152985	1.55412	1.704783	1.876745	2.074042	2.301689	2.565966	2.874822	1.579626325	1.631930345	1.874732447	2.074042	2.304371143	2.704209905	2.815958432
10	-0.4017453	2.180768	0.152985	1.634092	1.792508	1.973318	2.180768	2.420129	2.698006	3.022755	1.660910696	1.715906175	1.971202381	2.180768	2.422949414	2.843363069	2.960861949
11	-0.4017453	2.269882	0.152985	1.700866	1.865755	2.053954	2.269882	2.519024	2.808255	3.146274	1.728781463	1.786024254	2.051752778	2.269882	2.521959815	2.959553079	3.081853385
12	-0.4017453	2.343715	0.152985	1.756191	1.926444	2.120764	2.343715	2.600961	2.899601	3.248615	1.785013955	1.844118696	2.118490637	2.343715	2.603992211	3.055819177	3.182097574
13	-0.4017453	2.403063	0.152985	1.800662	1.975225	2.174466	2.403063	2.666823	2.973024	3.330876	1.83021442	1.890815823	2.172135462	2.403063	2.669931001	3.133199215	3.262675259
14	-0.4017453	2.449662	0.152985	1.835579	2.013528	2.216633	2.449662	2.718536	3.030675	3.395467	1.865705026	1.927481581	2.21425643	2.449662	2.721704972	3.193956653	3.325943431
15	-0.4017453	2.486017	0.152985	1.862821	2.04341	2.24953	2.486017	2.758882	3.075654	3.445859	1.893393624	1.956086994	2.247117818	2.486017	2.762097314	3.241357598	3.375303169
16	-0.4017453	2.514364	0.152985	1.884062	2.066711	2.27518	2.514364	2.790341	3.110724	3.485151	1.91498319	1.978391426	2.272740752	2.514364	2.793592341	3.278317427	3.413790322
17	-0.4017453	2.536985	0.152985	1.901012	2.085304	2.295649	2.536985	2.815444	3.13871	3.516505	1.932211736	1.996190437	2.293187938	2.536985	2.818725477	3.307811494	3.444503199
18	-0.4017453	2.555421	0.152985	1.914826	2.100457	2.312331	2.555421	2.835903	3.161518	3.542059	1.946252913	2.01069654	2.30985229	2.555421	2.839208855	3.331849008	3.469534037
19	-0.4017453	2.570206	0.152985	1.925905	2.11261	2.32571	2.570206	2.852311	3.17981	3.562552	1.957513425	2.022329907	2.323216494	2.570206	2.855635777	3.351126218	3.489607857
20	-0.4017453	2.581637	0.152985	1.934471	2.122006	2.336053	2.581637	2.864997	3.193953	3.578397	1.966219473	2.031324226	2.333549007	2.581637	2.868336227	3.366030363	3.5051279
21	-0.4017453	2.590146	0.152985	1.940847	2.129	2.343753	2.590146	2.87444	3.20448	3.590192	1.972700075	2.038019411	2.341240316	2.590146	2.877790179	3.377124701	3.516680699
22	-0.4017453	2.596168	0.152985	1.945359	2.13395	2.349202	2.596168	2.881123	3.21193	3.598538	1.977286534	2.042757736	2.346683619	2.596168	2.884480942	3.384976399	3.52485686
23	-0.4017453	2.600234	0.152985	1.948406	2.137292	2.352881	2.600234	2.885635	3.216961	3.604174	1.98038327	2.04595701	2.350358888	2.600234	2.888998485	3.390277795	3.53037733
24	-0.4017453	2.602774	0.152985	1.950309	2.13938	2.35518	2.602774	2.888454	3.220103	3.607695	1.982317778	2.047955573	2.352654801	2.602774	2.89182056	3.393589537	3.533825927
25	-0.4017453	2.604199	0.152985	1.951377	2.140551	2.356469	2.604199	2.890035	3.221866	3.60967	1.983403083	2.049076814	2.353942863	2.604199	2.893403811	3.395447503	3.535760671
26	-0.4017453	2.604823	0.152985	1.951844	2.141064	2.357034	2.604823	2.890728	3.222638	3.610535	1.983878332	2.049567799	2.354506898	2.604823	2.894097108	3.396261097	3.536607885
27	-0.4017453	2.604745	0.152985	1.951786	2.141	2.356963	2.604745	2.890641	3.222542	3.610427	1.983818926	2.049506426	2.354436394	2.604745	2.894010446	3.396159398	3.536501984
28	-0.4017453	2.604081	0.152985	1.951288	2.140454	2.356363	2.604081	2.889905	3.22172	3.609507	1.983313212	2.048983967	2.353836202	2.604081	2.893272707	3.395293651	3.535600461
29	-0.4017453	2.602985	0.152985	1.950467	2.139553	2.355371	2.602985	2.888688	3.220364	3.607987	1.98247848	2.048121595	2.352845525	2.602985	2.892054992	3.393864647	3.534112405
30	-0.4017453	2.601619	0.152985	1.949444	2.138431	2.354135	2.601619	2.887173	3.218675	3.606095	1.98143811	2.047046777	2.351610794	2.601619	2.890537294	3.392083607	3.532257766
31	-0.4017453	2.600098	0.152985	1.948304	2.137181	2.352759	2.600098	2.885485	3.216793	3.603986	1.98027969	2.04585	2.350235957	2.600098	2.888847382	3.390100473	3.530192681
32	-0.4017453	2.598502	0.152985	1.947108	2.135868	2.351314	2.598502	2.883713	3.214818	3.601773	1.979064149	2.04459421	2.348793329	2.598502	2.88707414	3.388019552	3.528025767
33	-0.4017453	2.596898	0.152985	1.945906	2.13455	2.349863	2.596898	2.881933	3.212833	3.59955	1.977842515	2.043332126	2.347343468	2.596898	2.885292011	3.385928199	3.525847992
34	-0.4017453	2.595325	0.152985	1.944727	2.133257	2.348439	2.595325	2.880187	3.210887	3.59737	1.976644491	2.042094433	2.345921629	2.595325	2.883544324	3.383877266	3.523712306
35	-0.4017453	2.593803	0.152985	1.943587	2.132006	2.347062	2.593803	2.878499	3.209005	3.595261	1.975485309	2.040896869	2.344545889	2.593803	2.881853301	3.381892828	3.521645863
36	-0.4017453	2.592317	0.152985	1.942473	2.130785	2.345717	2.592317	2.876849	3.207166	3.5932	1.974353546	2.039727631	2.343202689	2.592317	2.880202276	3.379955328	3.519628299
37	-0.4017453	2.590806	0.152985	1.941341	2.129543	2.34435	2.590806	2.875173	3.205297	3.591106	1.973202742	2.038538723	2.341836892	2.590806	2.878523475	3.377985232	3.517576791
38	-0.4017453	2.589211	0.152985	1.940146	2.128232	2.342907	2.589211	2.873402	3.203323	3.588895	1.971987963	2.03728372	2.340395167	2.589211	2.876751345	3.375905615	3.515411235
39	-0.4017453	2.587471	0.152985	1.938842	2.126802	2.341333	2.587471	2.871472	3.201171	3.586484	1.970662748	2.035914625	2.338822376	2.587471	2.874818112	3.37363694	3.513048811
40	-0.4017453	2.585536	0.152985	1.937392	2.125211	2.339581	2.585536	2.869324	3.198776	3.583801	1.969189019	2.034392098	2.337073324	2.585536	2.872668224	3.371114018	3.510421632
41	-0.4017453	2.583363	0.152985	1.935764	2.123425	2.337615	2.583363	2.866912	3.196088	3.580789	1.967534024	2.032682304	2.335109143	2.583363	2.870253905	3.368280784	3.507471316
42	-0.4017453	2.580934	0.152985	1.933944	2.121428	2.335417	2.580934	2.864217	3.193083	3.577422	1.965684056	2.03077108	2.332913564	2.580934	2.867555157	3.365113767	3.504173426
43	-0.4017453	2.578247	0.152985	1.931931	2.11922	2.332986	2.578247	2.861235	3.189759	3.573699	1.96363759	2.028656853	2.330484777	2.578247	2.864569757	3.36161036	3.500525245
44	-0.4017453	2.575284	0.152985	1.92971	2.116784	2.330304	2.575284	2.857946	3.186092	3.569591	1.961380918	2.026325458	2.327806512	2.575284	2.861277706	3.357747095	3.496502335
45	-0.4017453	2.571992	0.152985	1.927244	2.114079	2.327326	2.571992	2.854294	3.18202	3.565028	1.958873674	2.023735195	2.324830864	2.571992	2.857620118	3.353454868	3.492032736
46	-0.4017453	2.568346	0.152985	1.924511	2.111081	2.324027	2.568346	2.850247	3.177509	3.559974	1.956096817	2.020866392	2.321535235	2.568346	2.853569218	3.348701084	3.487082507
47	-0.4017453	2.564344	0.152985	1.921512	2.107792	2.320405	2.564344	2.845806	3.172558	3.554427	1.953048824	2.017717476	2.317917815	2.564344	2.849122783	3.343483133	3.48164893
48	-0.4017453	2.559995	0.152985	1.918254	2.104217	2.31647	2.559995	2.84098	3.167178	3.548399	1.949736551	2.014295527	2.313986742	2.559995	2.844290812	3.337812752	3.475744227
49	-0.4017453	2.555326	0.152985	1.914755	2.100379	2.312245	2.555326	2.835798	3.161401	3.541927	1.946180559	2.010621791	2.30976642	2.555326	2.839103305	3.331725143	3.469405054
50	-0.4017453	2.550366	0.152985	1.911039	2.096303	2.307757	2.550366	2.830294	3.155265	3.535052	1.942402937	2.006719086	2.305283062	2.550366	2.83359248	3.325258119	3.462670787
51	-0.4017453	2.545143	0.152985	1.907125	2.09201	2.303031	2.545143	2.824498	3.148803	3.527813	1.93842501	2.002609443	2.300561977	2.545143	2.827789449	3.318448185	3.45557944
52	-0.4017453	2.539684	0.152985	1.903035	2.087523	2.298091	2.539684	2.81844	3.14205	3.520247	1.934267341	1.998314107	2.295627571	2.539684	2.821724209	3.311330546	3.448167672
53	-0.4017453	2.534023	0.152985	1.898793	2.08287	2.292969	2.534023	2.812157	3.135046	3.5124	1.929955825	1.99385983	2.290510578	2.534023	2.815434537	3.303949532	3.440481646
54	-0.4017453	2.528189	0.152985	1.894421	2.078074	2.287689	2.528189	2.805682	3.127828	3.504313	1.92551255	1.98926943	2.285237208	2.528189	2.808952652	3.296342955	3.432560736
55	-0.4017453	2.522197	0.152985	1.889931	2.073149	2.282268	2.522197	2.799034	3.120415	3.496008	1.920948939	1.98455471	2.279821023	2.522197	2.802295221	3.288530372	3.424425306
56	-0.4017453	2.516058	0.152985	1.885331	2.068103	2.276712	2.516058	2.79222	3.112819	3.487498	1.91627337	1.979724326	2.274271963	2.516058	2.795474465	3.280526125	3.416090292
57	-0.4017453	2.509778	0.152985	1.880626	2.062941	2.271031	2.509778	2.785251	3.105051	3.478794	1.911490413	1.974782997	2.268595453	2.509778	2.78849705	3.272338037	3.40756384
58	-0.4017453	2.503373	0.152985	1.875826	2.057676	2.265234	2.503373	2.778143	3.097126	3.469916	1.906612254	1.969743314	2.262805956	2.503373	2.781380754	3.26398697	3.398867674
59	-0.4017453	2.496855	0.152985	1.870942	2.052318	2.259336	2.496855	2.770909	3.089062	3.460881	1.901648033	1.964614719	2.256914317	2.496855	2.774138909	3.255488569	3.390018086
60	-0.4017453	2.49023	0.152985	1.865978	2.046873	2.253341	2.49023	2.763557	3.080866	3.451698	1.896602318	1.959401933	2.250925961	2.49023	2.766778181	3.246850658	3.381023223
61	-0.4017453	2.483509	0.152985	1.860942	2.041349	2.24726	2.483509	2.756099	3.072551	3.442382	1.891483488	1.95411361	2.24485083	2.483509	2.759310792	3.238087578	3.371898019
62	-0.4017453	2.476703	0.152985	1.855842	2.035754	2.241102	2.476703	2.748546	3.064131	3.432949	1.88629992	1.948758406	2.238698867	2.476703	2.751748963	3.229213673	3.362657409
63	-0.4017453	2.469821	0.152985	1.850685	2.030098	2.234874	2.469821	2.740909	3.055617	3.42341	1.88105847	1.943343402	2.232478208	2.469821	2.744102695	3.220240676	3.353313613
64	-0.4017453	2.462869	0.152985	1.845476	2.024384	2.228584	2.462869	2.733194	3.047016	3.413774	1.875763706	1.93787332	2.226194275	2.462869	2.736378653	3.21117641	3.343874776
65	-0.4017453	2.455846	0.152985	1.840213	2.018611	2.222228	2.455846	2.725399	3.038326	3.404038	1.870414868	1.932347373	2.219846165	2.455846	2.728575725	3.202019573	3.334339542
66	-0.4017453	2.448752	0.152985	1.834897	2.01278	2.215809	2.448752	2.717527	3.02955	3.394206	1.865011954	1.92676556	2.213433879	2.448752	2.720693914	3.192770163	3.32470791
67	-0.4017453	2.441589	0.152985	1.82953	2.006892	2.209328	2.441589	2.709578	3.020688	3.384277	1.859556489	1.921129456	2.206959223	2.441589	2.712735439	3.183430788	3.314982596
68	-0.4017453	2.434361	0.152985	1.824114	2.000951	2.202787	2.434361	2.701556	3.011746	3.374259	1.854051519	1.915442207	2.200425813	2.434361	2.704704746	3.174006664	3.30516903
69	-0.4017453	2.427079	0.152985	1.818658	1.994966	2.196198	2.427079	2.693475	3.002737	3.364165	1.848505422	1.90971247	2.193843593	2.427079	2.696614056	3.164512132	3.295282148
70	-0.4017453	2.419753	0.152985	1.813168	1.988944	2.189569	2.419753	2.685344	2.993673	3.35401	1.842925813	1.903948111	2.1872216	2.419753	2.68847448	3.154960232	3.285335526
71	-0.4017453	2.412395	0.152985	1.807654	1.982896	2.182911	2.412395	2.677179	2.98457	3.343811	1.837321833	1.898158574	2.180570683	2.412395	2.68029935	3.14536661	3.275345457
72	-0.4017453	2.405017	0.152985	1.802126	1.976831	2.176234	2.405017	2.668991	2.975441	3.333584	1.83170262	1.8923533	2.173901688	2.405017	2.672101999	3.13574691	3.265328234
73	-0.4017453	2.397621	0.152985	1.796584	1.970752	2.169542	2.397621	2.660784	2.966292	3.323334	1.826069699	1.886533863	2.167216423	2.397621	2.663884649	3.126103742	3.255286572
74	-0.4017453	2.390211	0.152985	1.791031	1.964661	2.162837	2.390211	2.65256	2.957124	3.313062	1.820426114	1.88070341	2.160518503	2.390211	2.655651744	3.11644232	3.245225902
75	-0.4017453	2.382792	0.152985	1.785472	1.958563	2.156123	2.382792	2.644326	2.947945	3.302778	1.814775675	1.874865876	2.153812448	2.382792	2.64740884	3.106769163	3.235153013
76	-0.4017453	2.375371	0.152985	1.779912	1.952463	2.149409	2.375371	2.636091	2.938764	3.292493	1.809123713	1.869026768	2.147104585	2.375371	2.639163714	3.097093399	3.225077408
77	-0.4017453	2.367961	0.152985	1.774359	1.946373	2.142704	2.367961	2.627868	2.929597	3.282222	1.803480129	1.863196315	2.140406665	2.367961	2.630930809	3.087431976	3.215016738
78	-0.4017453	2.36057	0.152985	1.768821	1.940297	2.136016	2.36057	2.619666	2.920453	3.271977	1.797851015	1.857380812	2.133725919	2.36057	2.622719014	3.077795327	3.204981865
79	-0.4017453	2.353209	0.152985	1.763305	1.934247	2.129355	2.353209	2.611497	2.911346	3.261774	1.79224475	1.851588914	2.12707229	2.353209	2.614540551	3.068197793	3.194987723
80	-0.4017453	2.345889	0.152985	1.75782	1.92823	2.122731	2.345889	2.603373	2.90229	3.251627	1.786669711	1.845829277	2.120455721	2.345889	2.606407641	3.058653716	3.185049247
81	-0.4017453	2.338619	0.152985	1.752372	1.922254	2.116153	2.338619	2.595305	2.893295	3.24155	1.781132753	1.840108981	2.113884348	2.338619	2.598330284	3.049174831	3.175178658
82	-0.4017453	2.331407	0.152985	1.746968	1.916326	2.109627	2.331407	2.587301	2.884372	3.231554	1.775639969	1.834434322	2.1073654	2.331407	2.590317368	3.039771568	3.165386815
83	-0.4017453	2.324261	0.152985	1.741614	1.910453	2.103161	2.324261	2.579372	2.875533	3.22165	1.770197452	1.828811594	2.100906111	2.324261	2.582377781	3.030454358	3.155684582
84	-0.4017453	2.317192	0.152985	1.736317	1.904642	2.096764	2.317192	2.571526	2.866786	3.21185	1.764813579	1.823249452	2.094516422	2.317192	2.574523746	3.021237544	3.146086893
85	-0.4017453	2.310202	0.152985	1.731079	1.898897	2.090439	2.310202	2.56377	2.858139	3.202162	1.759489874	1.81774947	2.088198141	2.310202	2.566757483	3.012123733	3.136596464
