LMSchartmaker Pro version 2.54																	
Data file: X:\bhinton\HispFmiLmi.txt																	
Free format																	
Age: field 6																	
Measure: field 22																	
Weighting: field 0																	
Selector: field 3																	
Count: 3000																	
edf:	L	M	S														
    	1	7	2								3	5	25	50	75	95	97
Age	L	M	S	-2.0001	-1.3334	-0.6667	0	0.6667	1.3334	2.0001	-1.881	-1.645	-0.674	0	0.674	1.645	1.881
8	-9.29E-02	12.85515	0.1375381	9.79733	10.71769	11.73336	12.85515	14.0952	15.46714	16.98634	9.955190942	10.27628012	11.72168515	12.85515	14.10947415	16.15783849	16.70339565
9	-9.29E-02	13.37929	0.1351749	10.24391	11.1893	12.23086	13.37929	14.6466	16.04626	17.59339	10.40617484	10.73607923	12.21889295	13.37929	14.66118418	16.75000582	17.30545679
10	-9.29E-02	13.9137	0.133061	10.69711	11.66853	12.73718	13.9137	15.21	16.63943	18.21696	10.86395652	11.20302118	12.72491957	13.9137	15.22490565	17.35732286	17.92356304
11	-9.29E-02	14.51928	0.1311487	11.20444	12.20698	13.30837	14.51928	15.85161	17.31869	18.93544	11.37672873	11.72672533	13.29574444	14.51928	15.86691995	18.05472488	18.63492808
12	-9.29E-02	15.20577	0.129403	11.77428	12.81347	13.95372	15.20577	16.58163	18.09468	19.7599	11.95294953	12.31580794	13.94064456	15.20577	16.59742729	18.85305502	19.45054497
13	-9.29E-02	15.93325	0.127797	12.37635	13.45482	14.63683	15.93325	17.35619	18.91916	20.63724	12.5618664	12.93850522	14.62329205	15.93325	17.37251975	19.7018654	20.31821845
14	-9.29E-02	16.63676	0.1263101	12.96041	14.07635	15.29814	16.63676	18.10443	19.71476	21.48292	13.15245546	13.54224058	15.28415164	16.63676	18.12126324	20.52052374	21.15474415
15	-9.29E-02	17.25953	0.1249259	13.48199	14.62984	15.88534	17.25953	18.76468	20.41444	22.22401	13.67960441	14.08059515	15.87097349	17.25953	18.78193341	21.23931053	21.88829124
16	-9.29E-02	17.76595	0.123631	13.91275	15.08473	16.36545	17.76595	19.29846	20.97661	22.81552	14.11459261	14.52407029	16.35080529	17.76595	19.31602503	21.81508388	22.47450018
17	-9.29E-02	18.1516	0.1224146	14.2486	15.43682	16.73416	18.1516	19.70127	21.39668	23.25282	14.45331964	14.86852211	16.71933352	18.1516	19.71902401	22.24322252	22.90872981
18	-9.29E-02	18.44174	0.1212678	14.50887	15.70721	17.01456	18.44174	20.00077	21.70498	23.56913	14.71539408	15.13418733	16.99961508	18.44174	20.0186199	22.55536504	23.22366674
19	-9.29E-02	18.66622	0.120183	14.71667	15.92108	17.23403	18.66622	20.22948	21.93693	23.80312	14.92431003	15.34527069	17.21903181	18.66622	20.24737211	22.78845005	23.45740706
20	-9.29E-02	18.84985	0.1191539	14.8914	16.09946	17.41543	18.84985	20.41438	22.12191	23.98675	15.0997323	15.52201424	17.40040032	18.84985	20.43227274	22.97298412	23.64138387
21	-9.29E-02	19.00556	0.118175	15.0432	16.25335	17.57067	19.00556	20.56948	22.27512	24.13652	15.25195279	15.67500682	17.55563075	19.00556	20.58736512	23.12479722	23.79189692
22	-9.29E-02	19.141	0.1172416	15.17811	16.38927	17.70682	19.141	20.70309	22.40555	24.26218	15.38709181	15.81054159	17.69178333	19.141	20.7209409	23.25320612	23.91853158
23	-9.29E-02	19.26056	0.1163498	15.29961	16.51098	17.82795	19.26056	20.81993	22.51831	24.36925	15.50867821	15.93224517	17.81291711	19.26056	20.83774858	23.36352886	24.02675444
24	-9.29E-02	19.36627	0.1154959	15.40932	16.62025	17.93593	19.36627	20.9222	22.61576	24.46027	15.61836509	16.04181401	17.92091863	19.36627	20.9399717	23.45818874	24.11905055
25	-9.29E-02	19.45938	0.1146768	15.50826	16.71815	18.03194	19.45938	21.01123	22.69933	24.53676	15.7171765	16.14029842	18.01695244	19.45938	21.0289508	23.53866587	24.19693556
26	-9.29E-02	19.54151	0.1138899	15.59773	16.80608	18.11748	19.54151	21.08876	22.77088	24.60073	15.8064337	16.22905407	18.1025249	19.54151	21.10642742	23.60689144	24.26238945
27	-9.29E-02	19.61408	0.1131327	15.67889	16.8853	18.19387	19.61408	21.15632	22.83205	24.65391	15.88730576	16.3092791	18.17896094	19.61408	21.17392266	23.66454321	24.31713004
28	-9.29E-02	19.67843	0.112403	15.75284	16.95696	18.26239	19.67843	21.21533	22.88437	24.69795	15.96089867	16.38210665	18.24751197	19.67843	21.23287067	23.71320108	24.36277452
29	-9.29E-02	19.73649	0.111699	15.82112	17.02275	18.32481	19.73649	21.26787	22.93005	24.73523	16.02879506	16.44915925	18.3099756	19.73649	21.28534338	23.75515946	24.40167477
30	-9.29E-02	19.78978	0.1110188	15.885	17.08398	18.38256	19.78978	21.31556	22.97082	24.76758	16.09225782	16.51172965	18.36777451	19.78978	21.33296428	23.79220226	24.43565575
31	-9.29E-02	19.83885	0.1103609	15.94494	17.14117	18.43618	19.83885	21.35898	23.00732	24.79567	16.15175651	16.57029708	18.42142909	19.83885	21.37631366	23.82495414	24.46535296
32	-9.29E-02	19.8834	0.1097239	16.00071	17.19407	18.48537	19.8834	21.3978	23.03913	24.81904	16.20706864	16.62463078	18.47067037	19.8834	21.41505611	23.85301967	24.49035456
33	-9.29E-02	19.9233	0.1091065	16.05223	17.24257	18.53004	19.9233	21.43184	23.0661	24.83751	16.25810772	16.67463984	18.51538623	19.9233	21.44904072	23.87621134	24.5104628
34	-9.29E-02	19.95857	0.1085076	16.09954	17.28671	18.57021	19.95857	21.46116	23.08825	24.85109	16.30490471	16.72035434	18.55560178	19.95857	21.4782806	23.89452859	24.52567302
35	-9.29E-02	19.98964	0.107926	16.143	17.32687	18.60628	19.98964	21.48618	23.10601	24.86024	16.3478301	16.762152	18.59172524	19.98964	21.50322799	23.908456	24.53647765
36	-9.29E-02	20.01679	0.1073608	16.18285	17.36332	18.63853	20.01679	21.5072	23.11973	24.8653	16.38712516	16.80027882	18.62402249	20.01679	21.52417702	23.91830793	24.54319588
37	-9.29E-02	20.04012	0.106811	16.21919	17.39614	18.66705	20.04012	21.52433	23.12949	24.86638	16.42288851	16.83483396	18.65259391	20.04012	21.54122613	23.92417775	24.54591924
38	-9.29E-02	20.05921	0.106276	16.25168	17.42497	18.69145	20.05921	21.53709	23.13478	24.8629	16.45478123	16.86546949	18.67705112	20.05921	21.55392034	23.92555343	24.54412051
39	-9.29E-02	20.07388	0.1057548	16.2802	17.44968	18.71158	20.07388	21.54531	23.13541	24.85465	16.48267299	16.89204978	18.69723399	20.07388	21.56205702	23.92219404	24.5375483
40	-9.29E-02	20.08455	0.1052468	16.30509	17.47063	18.72782	20.08455	21.54941	23.13182	24.84209	16.5069146	16.91493374	18.71353651	20.08455	21.56608362	23.91458912	24.52670284
41	-9.29E-02	20.09166	0.1047514	16.32673	17.48822	18.74061	20.09166	21.54988	23.12453	24.82579	16.52787526	16.93449887	18.72637204	20.09166	21.5664682	23.90324968	24.51210603
42	-9.29E-02	20.09558	0.1042679	16.34541	17.50276	18.75026	20.09558	21.54709	23.11394	24.80616	16.54587144	16.95106799	18.7360907	20.09558	21.56360139	23.88859731	24.49418718
43	-9.29E-02	20.09654	0.1037958	16.36135	17.51448	18.75703	20.09654	21.54129	23.10031	24.78347	16.56109968	16.96484169	18.74291014	20.09654	21.55772589	23.87089347	24.47321236
44	-9.29E-02	20.09475	0.1033346	16.3747	17.52356	18.76109	20.09475	21.53271	23.08387	24.75797	16.5737411	16.97600457	18.74702978	20.09475	21.54906248	23.85037467	24.44942192
45	-9.29E-02	20.09028	0.1028837	16.38555	17.53007	18.76252	20.09028	21.52141	23.06468	24.72971	16.58386522	16.98462646	18.74851998	20.09028	21.53768001	23.82710636	24.42288012
46	-9.29E-02	20.08327	0.1024427	16.39402	17.53413	18.76145	20.08327	21.50753	23.04291	24.69886	16.5915938	16.99083136	18.74751416	20.08327	21.52372505	23.80124443	24.39374505
47	-9.29E-02	20.07366	0.1020112	16.40005	17.53569	18.75783	20.07366	21.49101	23.01846	24.66533	16.59688388	16.99457453	18.74395921	20.07366	21.50712964	23.7727072	24.36193123
48	-9.29E-02	20.06128	0.1015888	16.40354	17.53463	18.75151	20.06128	21.47168	22.99115	24.6289	16.59960158	16.99571812	18.73769933	20.06128	21.48770797	23.7412828	24.32721983
49	-9.29E-02	20.04604	0.1011751	16.40439	17.53086	18.7424	20.04604	21.44941	22.96085	24.58945	16.59967907	16.99419192	18.72865335	20.04604	21.46536002	23.70685437	24.28948939
50	-9.29E-02	20.02788	0.1007698	16.40258	17.52433	18.73046	20.02788	21.42415	22.9275	24.54688	16.59707032	16.98994842	18.71676689	20.02788	21.44001936	23.66934455	24.24865954
51	-9.29E-02	20.00681	0.1003724	16.39811	17.51505	18.71567	20.00681	21.39591	22.89109	24.50121	16.59179357	16.9830051	18.70205353	20.00681	21.41169156	23.62875073	24.20472534
52	-9.29E-02	19.98295	1.00E-01	16.39109	17.50315	18.69818	19.98295	21.36481	22.85177	24.45256	16.5839448	16.97346071	18.68462415	19.98295	21.38050635	23.58521771	24.15783545
53	-9.29E-02	19.95639	9.96E-02	16.3816	17.48869	18.67806	19.95639	21.33095	22.80963	24.40106	16.57360872	16.96140076	18.66456713	19.95639	21.34655489	23.5388374	24.10808173
54	-9.29E-02	19.92713	9.92E-02	16.36963	17.47168	18.65531	19.92713	21.29431	22.76466	24.34667	16.56078766	16.94682739	18.64188359	19.92713	21.30983573	23.48960544	24.05545897
55	-9.29E-02	19.89519	9.89E-02	16.35521	17.45213	18.62995	19.89519	21.25493	22.71687	24.28941	16.54550259	16.92976157	18.61659412	19.89519	21.27036786	23.43753856	23.99998317
56	-9.29E-02	19.86059	9.85E-02	16.33836	17.43007	18.60201	19.86059	21.21282	22.6663	24.22932	16.52777284	16.91022279	18.58871869	19.86059	21.22817108	23.38265565	23.94167285
57	-9.29E-02	19.82347	9.81E-02	16.3192	17.40564	18.57161	19.82347	21.16812	22.61309	24.16654	16.50771908	16.88833403	18.55839012	19.82347	21.18339276	23.32511505	23.8806891
58	-9.29E-02	19.78387	9.78E-02	16.29778	17.37886	18.5388	19.78387	21.1209	22.5573	24.10113	16.48537753	16.86413204	18.52564719	19.78387	21.13607398	23.26495898	23.81707431
59	-9.29E-02	19.74173	9.74E-02	16.27402	17.34968	18.50351	19.74173	21.07106	22.49883	24.03299	16.46070157	16.83756874	18.49043519	19.74173	21.08614877	23.20211154	23.7507499
60	-9.29E-02	19.69688	9.71E-02	16.24781	17.31796	18.4656	19.69688	21.01844	22.43751	23.96194	16.43355184	16.80850134	18.45259598	19.69688	21.03343416	23.13636887	23.68150648
61	-9.29E-02	19.64911	9.68E-02	16.21897	17.2835	18.42487	19.64911	20.9628	22.37307	23.88768	16.40375567	16.77675293	18.41193394	19.64911	20.97770447	23.06748011	23.60908659
62	-9.29E-02	19.59821	9.65E-02	16.18732	17.24614	18.38111	19.59821	20.90392	22.30529	23.80997	16.37113915	16.74214552	18.36825298	19.59821	20.91873458	22.995196	23.53323464
63	-9.29E-02	19.5441	9.61E-02	16.15282	17.20581	18.33427	19.5441	20.84172	22.23408	23.72872	16.33563733	16.70461249	18.32147898	19.5441	20.85643801	22.91941943	23.45385067
64	-9.29E-02	19.48676	9.58E-02	16.11543	17.16247	18.28431	19.48676	20.77617	22.1594	23.64388	16.29723417	16.66413739	18.27159354	19.48676	20.79079285	22.84012521	23.37090858
65	-9.29E-02	19.42614	9.55E-02	16.07512	17.11609	18.23118	19.42614	20.70721	22.08118	23.5554	16.25588892	16.62067845	18.21855031	19.42614	20.72174505	22.75725258	23.28434581
66	-9.29E-02	19.36224	9.52E-02	16.03189	17.06668	18.1749	19.36224	20.63486	21.99946	23.46328	16.21160238	16.57423644	18.1623497	19.36224	20.64929402	22.67079972	23.19416016
67	-9.29E-02	19.29518	9.49E-02	15.98585	17.01434	18.11558	19.29518	20.55924	21.91434	23.36766	16.164476	16.52491497	18.10310474	19.29518	20.57356709	22.58090516	23.10049299
68	-9.29E-02	19.22515	9.46E-02	15.93714	16.95923	18.05339	19.22515	20.48054	21.82606	23.26877	16.11466931	16.47287712	18.04099393	19.22515	20.49476648	22.48779006	23.00357032
69	-9.29E-02	19.15242	9.43E-02	15.88599	16.90159	17.98858	19.15242	20.39905	21.73489	23.16691	16.06241027	16.41835575	17.97627136	19.15242	20.41317907	22.39176747	22.90371191
70	-9.29E-02	19.07733	9.40E-02	15.83268	16.84173	17.92148	19.07733	20.31513	21.64124	23.06252	16.00798493	16.36164315	17.90925661	19.07733	20.32916664	22.29323307	22.80132215
71	-9.29E-02	19.00025	9.37E-02	15.77754	16.77998	17.85244	19.00025	20.22919	21.54553	22.95604	15.95170579	16.30305852	17.84029791	19.00025	20.24312235	22.19261602	22.69683946
72	-9.29E-02	18.92147	9.35E-02	15.72079	16.71659	17.78172	18.92147	20.14153	21.44808	22.84781	15.89381795	16.24285217	17.76966829	18.92147	20.15535424	22.09025238	22.59060706
73	-9.29E-02	18.84126	9.32E-02	15.66267	16.6518	17.7096	18.84126	20.05243	21.34919	22.73815	15.83455084	16.18125825	17.69762243	18.84126	20.06614855	21.98645345	22.4829427
74	-9.29E-02	18.7599	9.29E-02	15.6034	16.58586	17.63631	18.7599	19.96218	21.24916	22.62737	15.77414245	16.11851967	17.62442449	18.7599	19.97580207	21.88154204	22.37417582
75	-9.29E-02	18.67762	9.26E-02	15.5432	16.51898	17.56209	18.67762	19.87103	21.14828	22.51579	15.71278891	16.05483651	17.55029171	18.67762	19.88455829	21.77578244	22.26457601
76	-9.29E-02	18.59466	9.24E-02	15.48225	16.45137	17.48717	18.59466	19.77925	21.04681	22.40367	15.65069485	15.99041754	17.47545077	18.59466	19.79267132	21.6694505	22.15442471
77	-9.29E-02	18.51124	9.21E-02	15.42075	16.38323	17.41175	18.51124	19.68706	20.94498	22.29126	15.58804845	15.92545466	17.4001097	18.51124	19.70037379	21.56279832	22.04397896
78	-9.29E-02	18.4276	9.18E-02	15.35889	16.31477	17.33605	18.4276	19.5947	20.84306	22.17885	15.52505535	15.86015755	17.32449558	18.4276	19.60791935	21.45610054	21.93351876
79	-9.29E-02	18.34399	9.16E-02	15.29689	16.24623	17.26032	18.34399	19.50246	20.74134	22.06675	15.46192943	15.7947443	17.2488448	18.34399	19.51557238	21.34964372	21.82333632
80	-9.29E-02	18.26063	9.13E-02	15.23493	16.17778	17.18476	18.26063	19.41055	20.64006	21.95519	15.3988599	15.72940775	17.17336582	18.26063	19.42356506	21.24367873	21.71368728
81	-9.29E-02	18.17768	9.11E-02	15.17317	16.10959	17.10952	18.17768	19.31915	20.5394	21.84438	15.33598509	15.6642888	17.09821053	18.17768	19.33206589	21.13838703	21.60475637
82	-9.29E-02	18.09528	9.08E-02	15.1117	16.04176	17.03474	18.09528	19.22839	20.4395	21.73446	15.27342696	15.59951152	17.02351221	18.09528	19.24122186	21.03392621	21.49670385
83	-9.29E-02	18.01354	9.06E-02	15.05063	15.97442	16.96052	18.01354	19.13841	20.3405	21.62558	15.21128228	15.53517431	16.94937597	18.01354	19.15114803	20.93041885	21.38965418
84	-9.29E-02	17.93257	9.04E-02	14.99007	15.90766	16.88698	17.93257	19.04932	20.24251	21.51786	15.14964768	15.47137537	16.87590688	17.93257	19.06195952	20.82798773	21.28373204
85	-9.29E-02	17.85248	9.01E-02	14.93009	15.84157	16.8142	17.85248	18.96122	20.14565	21.41141	15.08861961	15.4082128	16.8032099	17.85248	18.97377151	20.72675587	21.1790624
