LMSchartmaker Pro version 2.54																	
Data file: X:\bhinton\Data\HispFmiLmi.txt																	
Free format																	
Age: field 6																	
Measure: field 14																	
Weighting: field 0																	
Selector: field 3																	
Count: 3000																	
edf:	L	M	S														
    	1	7	2								3	5	25	50	75	95	97
Age	L	M	S	-2.0001	-1.3334	-0.6667	0	0.6667	1.3334	2.0001	-1.881	-1.645	-0.674	0	0.674	1.645	1.881
8	0.1750096	0.6810386	0.1617042	0.4881781	0.5466611	0.6108069	0.6810386	0.7578025	0.841568	0.9328288	0.498228322	0.518647675	0.610072326	0.6810386	0.758680864	0.8832572	0.915953158
9	0.1750096	0.7130654	0.1596379	0.5133786	0.5740094	0.6404294	0.7130654	0.792367	0.8788071	0.9728823	0.523803373	0.544976606	0.639669262	0.7130654	0.793273927	0.921794031	0.955493459
10	0.1750096	0.7502864	0.1577896	0.5422948	0.6055197	0.6747054	0.7502864	0.8327193	0.9224845	1.020086	0.55317065	0.575253469	0.673914093	0.7502864	0.833661622	0.967094355	1.002052577
11	0.1750096	0.7987176	0.1561175	0.5793466	0.6460997	0.719074	0.7987176	0.8855017	0.9799213	1.082496	0.590834276	0.614152933	0.718239687	0.7987176	0.88649326	1.026814752	1.063549839
12	0.1750096	0.8584755	0.1545911	0.6247054	0.6959073	0.7736747	0.8584755	0.9508017	1.05117	1.160121	0.636963385	0.661839554	0.7727859	0.8584755	0.951856171	1.10098893	1.140003635
13	0.1750096	0.9249156	0.1531868	0.6750543	0.7512233	0.8343468	0.9249156	1.023445	1.130478	1.24658	0.68817211	0.714787054	0.83339722	0.9249156	1.024570385	1.183576847	1.225148026
14	0.1750096	0.9913563	0.1518867	0.7255366	0.8066356	0.895071	0.9913563	1.09603	1.209658	1.332833	0.739508118	0.767848987	0.894061193	0.9913563	1.097224846	1.266001992	1.310101517
15	0.1750096	1.051816	0.1506764	0.771755	0.8572626	0.9504389	1.051816	1.161952	1.281432	1.410871	0.786490481	0.816375281	0.949375359	1.051816	1.163208519	1.340651263	1.386989427
16	0.1750096	1.102468	0.1495442	0.8108558	0.8999523	0.9969745	1.102468	1.217004	1.341184	1.475636	0.826214236	0.85735653	0.995867502	1.102468	1.218310952	1.402706109	1.450834984
17	0.1750096	1.142619	0.1484806	0.8422752	0.9340997	1.03403	1.142619	1.260449	1.388126	1.526289	0.858107713	0.890206617	1.032889614	1.142619	1.261791635	1.451354629	1.500808334
18	0.1750096	1.174086	0.1474779	0.8673031	0.961154	1.063229	1.174086	1.294309	1.424511	1.565334	0.883489378	0.916299617	1.062065002	1.174086	1.295679664	1.488966537	1.539368643
19	0.1750096	1.19908	0.1465294	0.88754	0.982902	1.086563	1.19908	1.321041	1.453059	1.595776	0.903990409	0.937331736	1.085380179	1.19908	1.322430888	1.518389104	1.569465647
20	0.1750096	1.21961	0.1456295	0.9044498	1.000973	1.105841	1.21961	1.342867	1.476224	1.620321	0.921104519	0.954854644	1.104645012	1.21961	1.344271064	1.542193756	1.593761111
21	0.1750096	1.236868	0.1447736	0.9189035	1.016337	1.122139	1.236868	1.361104	1.49546	1.640573	0.935719284	0.969790186	1.120933925	1.236868	1.362520081	1.561904173	1.613831943
22	0.1750096	1.251635	0.1439575	0.9314747	1.02963	1.136166	1.251635	1.376618	1.511723	1.657583	0.948418175	0.982744103	1.134951704	1.251635	1.378041741	1.578515903	1.630708068
23	0.1750096	1.264424	0.1431776	0.942539	1.04127	1.148382	1.264424	1.389974	1.525634	1.672035	0.959585353	0.994115102	1.147161685	1.264424	1.391402943	1.592681503	1.645064372
24	0.1750096	1.27551	0.142431	0.9522983	1.051482	1.159037	1.27551	1.401474	1.537527	1.684297	0.969426165	1.004116397	1.157812024	1.27551	1.402907815	1.604751367	1.657263307
25	0.1750096	1.285016	0.1417148	0.9608428	1.060365	1.168242	1.285016	1.411255	1.547555	1.694536	0.97803226	1.012843185	1.167013656	1.285016	1.412692421	1.614882259	1.667467022
26	0.1750096	1.293094	0.1410268	0.9682842	1.068044	1.176135	1.293094	1.419487	1.555902	1.702954	0.985517196	1.020413374	1.174903783	1.293094	1.420924793	1.623267636	1.67587559
27	0.1750096	1.299944	0.1403647	0.9747702	1.074682	1.182896	1.299944	1.426387	1.562807	1.709816	0.992032491	1.026983985	1.181663787	1.299944	1.42782505	1.630159416	1.682749189
28	0.1750096	1.305756	0.1397267	0.9804429	1.080437	1.188698	1.305756	1.432164	1.568502	1.715372	0.997722254	1.032704342	1.187466049	1.305756	1.433602225	1.635796714	1.688334744
29	0.1750096	1.310761	0.1391111	0.9854761	1.085499	1.193753	1.310761	1.437074	1.573263	1.719928	1.002762811	1.037756991	1.192520601	1.310761	1.438509942	1.640468856	1.692930845
30	0.1750096	1.315138	0.1385163	0.9900036	1.090017	1.198221	1.315138	1.44131	1.577304	1.723714	1.007291568	1.042284083	1.19699052	1.315138	1.442744348	1.644398988	1.696767629
31	0.1750096	1.31895	0.1379411	0.9940745	1.094043	1.202163	1.31895	1.444942	1.580701	1.726814	1.011357014	1.046335771	1.20093327	1.31895	1.446374376	1.647665326	1.699925706
32	0.1750096	1.322201	0.1373841	0.9976919	1.097582	1.205581	1.322201	1.447974	1.583458	1.729232	1.014963107	1.049916044	1.204352889	1.322201	1.44940392	1.650271471	1.702408579
33	0.1750096	1.324903	0.1368443	1.000865	1.100643	1.208487	1.324903	1.45042	1.585587	1.730982	1.0181193	1.053034654	1.207260429	1.324903	1.451845963	1.652231881	1.70423107
34	0.1750096	1.327087	0.1363206	1.003619	1.103253	1.210909	1.327087	1.452311	1.587126	1.732103	1.02085001	1.055716787	1.209684405	1.327087	1.453734136	1.653584243	1.705431904
35	0.1750096	1.328802	0.135812	1.005989	1.105452	1.212891	1.328802	1.453702	1.588132	1.732657	1.023193513	1.058001956	1.211669743	1.328802	1.455121789	1.654388677	1.706072939
36	0.1750096	1.330091	0.1353178	1.008011	1.107278	1.214474	1.330091	1.454641	1.588659	1.732703	1.025183089	1.059924558	1.213255741	1.330091	1.456055881	1.654698331	1.706208916
37	0.1750096	1.330983	0.1348372	1.009705	1.108754	1.215684	1.330983	1.455157	1.588736	1.732273	1.026841621	1.061508187	1.214469088	1.330983	1.456567865	1.654548443	1.705876041
38	0.1750096	1.331458	0.1343693	1.011057	1.109864	1.216504	1.331458	1.455229	1.588342	1.731344	1.028154498	1.062737637	1.215291888	1.331458	1.456635422	1.653912943	1.705047253
39	0.1750096	1.331511	0.1339136	1.012065	1.110604	1.216927	1.331511	1.454852	1.58747	1.729905	1.029117895	1.063608954	1.215719606	1.331511	1.456253029	1.652785444	1.703715934
40	0.1750096	1.331173	0.1334694	1.012751	1.111001	1.216985	1.331173	1.454059	1.586156	1.727999	1.029756276	1.064147361	1.215780768	1.331173	1.455454316	1.651203649	1.701920828
41	0.1750096	1.330476	0.1330363	1.013142	1.111082	1.216705	1.330476	1.452885	1.584438	1.725666	1.030094401	1.06437845	1.215504617	1.330476	1.454274235	1.649207126	1.699702693
42	0.1750096	1.329445	0.1326135	1.013255	1.110867	1.21611	1.329445	1.451355	1.582344	1.722936	1.030152541	1.064323048	1.21491438	1.329445	1.452739648	1.646825576	1.69709195
43	0.1750096	1.328106	0.1322007	1.013111	1.110379	1.215224	1.328106	1.449501	1.579907	1.719843	1.029950825	1.06400196	1.214033822	1.328106	1.450878947	1.644091127	1.694121688
44	0.1750096	1.326469	0.1317974	1.012718	1.109626	1.214058	1.326469	1.447331	1.577137	1.716399	1.029497465	1.063423612	1.212872282	1.326469	1.448702812	1.641015475	1.690803855
45	0.1750096	1.324525	0.1314032	1.01207	1.1086	1.212602	1.324525	1.444835	1.574022	1.712592	1.02878576	1.062581049	1.211421658	1.324525	1.446201254	1.637587028	1.687126436
46	0.1750096	1.322268	0.1310176	1.011163	1.107299	1.210852	1.322268	1.442009	1.570556	1.708414	1.027811546	1.061469908	1.209676675	1.322268	1.443367464	1.633797648	1.683080938
47	0.1750096	1.31969	0.1306403	1.00999	1.105713	1.2088	1.31969	1.43884	1.566729	1.703853	1.026568706	1.060083862	1.207630066	1.31969	1.440192638	1.629637237	1.678656925
48	0.1750096	1.316787	0.1302709	1.008548	1.103842	1.206443	1.316787	1.435327	1.562536	1.698905	1.025054443	1.058419983	1.205278307	1.316787	1.436672243	1.625100382	1.673848744
49	0.1750096	1.31357	0.1299092	1.006847	1.101692	1.20379	1.31357	1.43148	1.557989	1.693581	1.023277249	1.056487053	1.202631447	1.31357	1.432818292	1.620200671	1.668670392
50	0.1750096	1.310048	0.1295548	1.004894	1.099274	1.20085	1.310048	1.42731	1.553099	1.687895	1.021244507	1.054292648	1.199697885	1.310048	1.428640409	1.614948667	1.663132663
51	0.1750096	1.306234	0.1292074	1.002698	1.096597	1.197636	1.306234	1.42283	1.547881	1.681863	1.018966551	1.051847413	1.196489615	1.306234	1.424152659	1.609360073	1.65725168
52	0.1750096	1.302148	0.1288667	1.000274	1.093679	1.194165	1.302148	1.418061	1.542359	1.675509	1.01645922	1.04916767	1.193025062	1.302148	1.419376717	1.603459164	1.651052384
53	0.1750096	1.297805	0.1285326	0.9976364	1.090532	1.190451	1.297805	1.413022	1.53655	1.668854	1.013734106	1.046265401	1.189317927	1.297805	1.414328973	1.597264505	1.644553899
54	0.1750096	1.293214	0.1282046	0.9947902	1.087165	1.186503	1.293214	1.40772	1.530464	1.661907	1.010798947	1.043148502	1.185376754	1.293214	1.409018886	1.590786213	1.637766503
55	0.1750096	1.288385	0.1278827	0.991744	1.083585	1.182331	1.288385	1.402167	1.524114	1.654681	1.007661296	1.039824804	1.181210608	1.288385	1.403457462	1.584036873	1.630703186
56	0.1750096	1.283332	0.1275666	0.9885082	1.079803	1.177945	1.283332	1.396378	1.517515	1.647194	1.004332462	1.036305931	1.176832475	1.283332	1.397659767	1.577033189	1.623381072
57	0.1750096	1.278073	0.1272561	0.9850977	1.075838	1.173365	1.278073	1.390372	1.510689	1.639469	1.000826719	1.03260659	1.172258946	1.278073	1.391645304	1.569796994	1.61582259
58	0.1750096	1.272622	0.126951	0.9815225	1.071698	1.168601	1.272622	1.384164	1.503651	1.631523	0.99715525	1.028738292	1.167502956	1.272622	1.3854292	1.562345159	1.608045055
59	0.1750096	1.266979	0.1266511	0.977784	1.067386	1.163656	1.266979	1.377755	1.496403	1.623356	0.993318291	1.02470125	1.162564605	1.266979	1.379011333	1.554677341	1.600048064
60	0.1750096	1.261139	0.1263563	0.9738776	1.062896	1.158523	1.261139	1.371139	1.488937	1.614961	0.989311965	1.020491461	1.15743933	1.261139	1.372386229	1.546787308	1.591825186
61	0.1750096	1.255088	0.1260663	0.9697938	1.058219	1.153191	1.255088	1.364301	1.481237	1.606321	0.985125714	1.01609798	1.152114458	1.255088	1.365538441	1.538657311	1.58335807
62	0.1750096	1.248815	0.125781	0.9655226	1.053342	1.147649	1.248815	1.357227	1.473289	1.597419	0.980750927	1.011511924	1.146579906	1.248815	1.358455982	1.530273798	1.574632758
63	0.1750096	1.242309	0.1255003	0.9610567	1.048259	1.141887	1.242309	1.349908	1.465081	1.588242	0.97617898	1.006724397	1.140825585	1.242309	1.351126869	1.521623235	1.565635313
64	0.1750096	1.235563	0.1252241	0.9563905	1.042962	1.135898	1.235563	1.342334	1.456604	1.578782	0.971404379	1.001729736	1.134845074	1.235563	1.343543474	1.512697003	1.556356858
65	0.1750096	1.228567	0.1249521	0.9515163	1.037444	1.129675	1.228567	1.334494	1.447845	1.569024	0.966419646	0.996520179	1.128629347	1.228567	1.335694736	1.503482341	1.546784188
66	0.1750096	1.221318	0.1246842	0.9464324	1.031703	1.123213	1.221318	1.326387	1.438804	1.558967	0.961222414	0.991093287	1.12217565	1.221318	1.327577386	1.493975553	1.536913495
67	0.1750096	1.213825	0.1244204	0.9411444	1.025744	1.116521	1.213825	1.31802	1.429487	1.548618	0.955819581	0.985456201	1.115492181	1.213825	1.319201287	1.484187851	1.526756338
68	0.1750096	1.206099	0.1241605	0.9356623	1.019579	1.109609	1.206099	1.309407	1.41991	1.537995	0.950220017	0.979618036	1.108589136	1.206099	1.310578287	1.474132394	1.516326211
69	0.1750096	1.198158	0.1239044	0.9299999	1.013222	1.102494	1.198158	1.300568	1.410093	1.527119	0.94443794	0.973593451	1.101483079	1.198158	1.301727919	1.463831103	1.505645649
70	0.1750096	1.19003	0.123652	0.924179	1.006698	1.095203	1.19003	1.291531	1.40007	1.516026	0.938495488	0.967405257	1.094199781	1.19003	1.292680566	1.453318075	1.494749705
71	0.1750096	1.181748	0.1234031	0.9182246	1.000033	1.087764	1.181748	1.282333	1.389878	1.504757	0.932418973	0.96108054	1.086769706	1.181748	1.283471932	1.442633224	1.483679375
72	0.1750096	1.173338	0.1231578	0.9121574	0.9932506	1.080201	1.173338	1.273001	1.379547	1.493345	0.926228684	0.954640243	1.079216673	1.173338	1.274130353	1.431808547	1.472467599
73	0.1750096	1.164824	0.1229158	0.905997	0.9863713	1.072539	1.164824	1.263564	1.369108	1.481822	0.919944097	0.948104372	1.071562978	1.164824	1.264681636	1.420872637	1.461143684
74	0.1750096	1.156231	0.1226771	0.8997621	0.9794157	1.064799	1.156231	1.254045	1.358588	1.470217	0.913584971	0.941493289	1.063831627	1.156231	1.255152912	1.409855951	1.44973894
75	0.1750096	1.147583	0.1224416	0.8934718	0.9724043	1.057003	1.147583	1.244473	1.348014	1.458561	0.907170488	0.934826733	1.056044793	1.147583	1.245570125	1.398787453	1.438283109
76	0.1750096	1.138902	0.1222093	0.8871439	0.9653566	1.049172	1.138902	1.234871	1.337415	1.446883	0.900718106	0.928122688	1.048222753	1.138902	1.235957116	1.387693854	1.426803637
77	0.1750096	1.13021	0.1219799	0.8807954	0.9582908	1.041327	1.13021	1.225262	1.326813	1.43521	0.894245841	0.921399636	1.040386006	1.13021	1.226337467	1.376601166	1.415327158
78	0.1750096	1.121531	0.1217536	0.8744445	0.9512267	1.033488	1.121531	1.215671	1.316237	1.423569	0.887772439	0.914676926	1.032556551	1.121531	1.216737326	1.365538904	1.403884053
79	0.1750096	1.112886	0.1215301	0.8681093	0.9441841	1.025676	1.112886	1.206123	1.305713	1.411991	0.881315179	0.907972273	1.024753988	1.112886	1.207179166	1.3545318	1.39249963
80	0.1750096	1.104294	0.1213094	0.8618045	0.9371786	1.01791	1.104294	1.196638	1.295262	1.400497	0.874889253	0.90130131	1.016995875	1.104294	1.197683524	1.343602777	1.381197424
81	0.1750096	1.09577	0.1210915	0.855542	0.930223	1.010202	1.09577	1.187232	1.284901	1.389106	0.868506707	0.894676427	1.009296094	1.09577	1.188266587	1.332769864	1.369995935
82	0.1750096	1.087324	0.1208762	0.8493292	0.9233255	1.002561	1.087324	1.177914	1.274641	1.37783	0.862175982	0.888106251	1.001664067	1.087324	1.178938956	1.322044567	1.358906897
83	0.1750096	1.078962	0.1206636	0.8431717	0.916492	0.9949939	1.078962	1.168692	1.26449	1.366675	0.855901842	0.881595689	0.994105325	1.078962	1.169707129	1.311434154	1.347937775
84	0.1750096	1.070689	0.1204535	0.8370739	0.909727	0.9875051	1.070689	1.15957	1.254452	1.35565	0.849688769	0.87514929	0.986624687	1.070689	1.160576283	1.300944045	1.337094046
85	0.1750096	1.062509	0.1202458	0.8310391	0.9030341	0.9800985	1.062509	1.150555	1.244534	1.344757	0.84354028	0.86877063	0.979225979	1.062509	1.151550589	1.290578659	1.326380186
