LMSchartmaker Pro version 2.54																	
Data file: X:\bhinton\BlackFmiLmi.txt																	
Free format																	
Age: field 6																	
Measure: field 22																	
Weighting: field 0																	
Selector: field 3																	
Count: 2242																	
edf:	L	M	S														
    	2	6	1								3	5	25	50	75	95	97
Age	L	M	S	-2.0001	-1.3334	-0.6667	0	0.6667	1.3334	2.0001	-1.881	-1.645	-0.674	0	0.674	1.645	1.881
8	-0.8981616	13.09486	0.1264497	10.42608	11.19224	12.0728	13.09486	14.29467	15.72183	17.44608	10.55554412	10.82129534	12.06244854	13.09486	14.30895407	16.48547553	17.11228295
9	-0.783381	13.66991	0.1264497	10.85314	11.66778	12.59827	13.66991	14.91569	16.37948	18.12075	10.99111138	11.27393105	12.58737666	13.66991	14.93044783	17.15439785	17.78603294
10	-0.6807062	14.25364	0.1264497	11.28705	12.15084	13.13182	14.25364	15.54644	17.04926	18.81338	11.4336483	11.73377605	13.12036736	14.25364	15.56168181	17.83753935	18.47627922
11	-0.5878255	14.88822	0.1264497	11.7609	12.67718	13.71224	14.88822	16.23282	17.781	19.57752	11.91671998	12.23532868	13.70018523	14.88822	16.24859381	18.58656758	19.23598683
12	-0.5030321	15.58992	0.1264497	12.28715	13.26046	14.35443	15.58992	16.99244	18.59355	20.43265	12.45297825	12.79165819	14.34173457	15.58992	17.00882846	19.42073088	20.08459795
13	-0.4250297	16.33088	0.1264497	12.8435	13.87679	15.03272	16.33088	17.79486	19.45322	21.34086	13.01985097	13.37964804	15.01933	16.33088	17.81190133	20.30451546	20.98503448
14	-0.3528108	17.04065	0.1264497	13.37442	14.46624	15.68221	17.04065	18.56327	20.2759	22.20943	13.56108468	13.94150848	15.66816265	17.04065	18.58094126	21.14998963	21.84625304
15	-0.2855766	17.67038	0.1264497	13.84181	14.98748	16.25799	17.67038	19.2445	21.00357	22.97486	14.03799833	14.43742722	16.24334573	17.67038	19.26271182	21.89665385	22.60577089
16	-0.2226832	18.19555	0.1264497	14.22684	15.41988	16.73755	18.19555	19.8119	21.60732	23.60576	14.43145524	14.84764185	16.72239132	18.19555	19.8305422	22.51447608	23.23267232
17	-0.163604	18.61348	0.1264497	14.52783	15.76136	17.11847	18.61348	20.2626	22.08422	24.09922	14.73971177	15.17026712	17.10289363	18.61348	20.28157647	23.00053846	23.72405318
18	-0.1079025	18.94344	0.1264497	14.76021	16.02845	17.41854	18.94344	20.61765	22.45737	24.4807	14.97836439	15.42127354	17.40260829	18.94344	20.63686621	23.37898047	24.10489771
19	-5.52E-02	19.21124	0.1264497	14.94435	16.24309	17.6615	19.21124	20.90517	22.75747	24.7838	15.16806013	15.62185962	17.64528001	19.21124	20.924564	23.68185155	24.40829496
20	-5.23E-03	19.43379	0.1264497	15.09356	16.41966	17.86293	19.43379	21.14357	23.00463	25.03044	15.32229827	15.78589093	17.84646031	19.43379	21.16310622	23.93007985	24.65582516
21	4.23E-02	19.62226	0.1264497	15.21664	16.56766	18.03312	19.62226	21.34503	23.21211	25.23503	15.44997826	15.92251183	18.01641836	19.62226	21.3646654	24.13744104	24.86167433
22	8.77E-02	19.78469	0.1264497	15.31987	16.69388	18.17944	19.78469	21.51827	23.38939	25.40784	15.55748843	16.03829009	18.16254259	19.78469	21.53799835	24.31381277	25.03600041
23	0.1309716	19.92564	0.1264497	15.40684	16.80219	18.3061	19.92564	21.66827	23.54187	25.55469	15.64845066	16.13694894	18.2890224	19.92564	21.68806884	24.46476919	25.18452338
24	0.1724464	20.04675	0.1264497	15.47884	16.89401	18.4146	20.04675	21.79682	23.67146	25.6776	15.72417886	16.21983527	18.39736499	20.04675	21.81666042	24.59228986	25.30926144
25	0.2122278	20.14873	0.1264497	15.53645	16.96992	18.50561	20.14873	21.90467	23.779	25.77743	15.78525287	16.28753999	18.48822354	20.14873	21.92454426	24.6972148	25.41106172
26	0.2504487	20.2326	0.1264497	15.58047	17.0308	18.58005	20.2326	21.99294	23.86566	25.85542	15.83249311	16.34090288	18.56253544	20.2326	22.01282891	24.78076694	25.49116732
27	0.287227	20.30015	0.1264497	15.6123	17.07816	18.63957	20.30015	22.06357	23.93354	25.91381	15.86731874	16.38138272	18.62194409	20.30015	22.08346042	24.84511296	25.55179326
28	0.3226677	20.35382	0.1264497	15.63385	17.11406	18.68641	20.35382	22.11921	23.98551	25.95567	15.8916508	16.41095801	18.66868834	20.35382	22.13909132	24.89321283	25.59597044
29	0.3568645	20.39602	0.1264497	15.64698	17.14054	18.7228	20.39602	22.16248	24.02441	25.98403	15.90737937	16.43157729	18.70497855	20.39602	22.18234063	24.92798596	25.62668762
30	0.3899019	20.4285	0.1264497	15.65301	17.15904	18.75031	20.4285	22.19527	24.05225	26.00105	15.91587301	16.44465214	18.73241894	20.4285	22.21510881	24.95154179	25.64610043
31	0.4218559	20.45249	0.1264497	15.65291	17.17062	18.7701	20.45249	22.21892	24.07048	26.00825	15.91809086	16.4511723	18.75213638	20.45249	22.23873049	24.96535362	25.65571087
32	0.4527953	20.4692	0.1264497	15.6476	17.17628	18.78326	20.4692	22.23474	24.08051	26.00712	15.91497357	16.45210921	18.76523908	20.4692	22.25451834	24.97087028	25.65699624
33	0.4827825	20.47975	0.1264497	15.63793	17.17696	18.79083	20.47975	22.24395	24.08365	25.99905	15.90738907	16.44835991	18.77275244	20.47975	22.26368703	24.9694308	25.65132137
34	0.5118746	20.48505	0.1264497	15.6246	17.17343	18.79364	20.48505	22.24754	24.08095	25.98515	15.89603971	16.44065091	18.77550908	20.48505	22.26722278	24.96211813	25.6397884
35	0.5401232	20.48582	0.1264497	15.60813	17.16627	18.79233	20.48582	22.24626	24.07321	25.96627	15.88147904	16.42955523	18.77416736	20.48582	22.26590529	24.94978451	25.623263
36	0.5675759	20.48252	0.1264497	15.5889	17.15589	18.78736	20.48252	22.24064	24.06101	25.94298	15.86405777	16.41543647	18.76914727	20.48252	22.26023164	24.93296626	25.6022869
37	0.5942765	20.47557	0.1264497	15.56719	17.1426	18.77908	20.47557	22.23111	24.04479	25.91575	15.84409513	16.3986258	18.7608321	20.47557	22.25065556	24.91215219	25.57735359
38	0.6202649	20.46527	0.1264497	15.54324	17.12668	18.76778	20.46527	22.21801	24.02491	25.88495	15.82181736	16.37935825	18.74949525	20.46527	22.23750048	24.88768649	25.54880873
39	0.6455783	20.45194	0.1264497	15.51728	17.10837	18.75373	20.45194	22.20167	24.00171	25.85093	15.79746581	16.35788462	18.73542845	20.45194	22.22111169	24.85993873	25.51702447
40	0.6702508	20.43587	0.1264497	15.48953	17.08792	18.73722	20.43587	22.18242	23.97555	25.81405	15.77125863	16.33443172	18.71889595	20.43587	22.20180195	24.82924316	25.48233724
41	0.6943139	20.41733	0.1264497	15.46018	17.06555	18.71849	20.41733	22.16053	23.94671	25.7746	15.74339843	16.30921036	18.70014375	20.41733	22.17986244	24.79591073	25.44506
42	0.7177973	20.39657	0.1264497	15.42942	17.04146	18.69776	20.39657	22.13629	23.9155	25.73289	15.71407199	16.28241507	18.67939948	20.39657	22.15556263	24.7602288	25.40548177
43	0.740728	20.3739	0.1264497	15.39748	17.01593	18.67533	20.3739	22.11003	23.88226	25.68928	15.68351253	16.25428849	18.65694581	20.3739	22.12923729	24.7225586	25.36396785
44	0.7631314	20.34972	0.1264497	15.36465	16.98925	18.65154	20.34972	22.08216	23.84744	25.64424	15.65202204	16.22514468	18.63314778	20.34972	22.10131897	24.68337102	25.32099621
45	0.7850315	20.32432	0.1264497	15.33115	16.96169	18.62668	20.32432	22.05303	23.81138	25.59813	15.61981728	16.19520958	18.60826965	20.32432	22.07212077	24.64300376	25.27690843
46	0.8064501	20.29788	0.1264497	15.29709	16.93338	18.60089	20.29788	22.0228	23.77429	25.55113	15.58703062	16.1646216	18.58247504	20.29788	22.0418364	24.60166202	25.23191043
47	0.8274081	20.27039	0.1264497	15.26248	16.90432	18.57418	20.27039	21.99147	23.73615	25.50325	15.55364835	16.13336772	18.5557536	20.27039	22.0104533	24.55932117	25.18597267
48	0.8479249	20.24181	0.1264497	15.22728	16.87446	18.5465	20.24181	21.95901	23.69689	25.45439	15.51963428	16.10141152	18.52806764	20.24181	21.97792647	24.51592123	25.13902971
49	0.8680186	20.2121	0.1264497	15.19144	16.84378	18.51782	20.2121	21.92535	23.65648	25.40449	15.48495275	16.06871695	18.49937954	20.2121	21.94421103	24.47140315	25.09101736
50	0.8877063	20.18114	0.1264497	15.15488	16.81216	18.48802	20.18114	21.89038	23.61474	25.35338	15.44950723	16.03518475	18.46957854	20.18114	21.90917535	24.42561178	25.04177319
51	0.9070042	20.14875	0.1264497	15.11744	16.77946	18.45694	20.14875	21.85388	23.57149	25.30082	15.41315582	16.00066839	18.43849906	20.14875	21.87262278	24.37832021	24.99106145
52	0.9259273	20.11479	0.1264497	15.07903	16.74555	18.42445	20.11479	21.81572	23.52654	25.24663	15.375788	15.96505377	18.40601225	20.11479	21.83440023	24.32935087	24.93869734
53	0.9444899	20.0792	0.1264497	15.03961	16.71039	18.39051	20.0792	21.77583	23.47983	25.19073	15.33735488	15.92829061	18.37206252	20.0792	21.79444155	24.27862364	24.88459612
54	0.9627056	20.04203	0.1264497	14.99919	16.674	18.35513	20.04203	21.73424	23.43139	25.13313	15.2978918	15.89041609	18.33669497	20.04203	21.75280005	24.22619187	24.82881007
55	0.980587	20.00333	0.1264497	14.95782	16.63645	18.31839	20.00333	21.69104	23.3813	25.07394	15.25743435	15.8514676	18.29995475	20.00333	21.7095291	24.17210942	24.77139213
56	0.9981462	19.96328	0.1264497	14.91562	16.59786	18.28043	19.96328	21.64639	23.32974	25.01332	15.2161172	15.81158549	18.26200596	19.96328	21.66482317	24.11658744	24.71255654
57	1.015395	19.92199	0.1264497	14.87268	16.55834	18.24136	19.92199	21.60043	23.27687	24.95145	15.17402129	15.77085439	18.22294861	19.92199	21.61880078	24.05975255	24.65243094
58	1.032343	19.87952	0.1264497	14.82905	16.51793	18.20124	19.87952	21.55322	23.22273	24.88836	15.13119043	15.7293201	18.18283711	19.87952	21.5715263	24.00167185	24.59108227
59	1.049002	19.83588	0.1264497	14.78472	16.47664	18.16007	19.83588	21.50478	23.16734	24.82407	15.08762876	15.68698762	18.14167994	19.83588	21.52300969	23.94235126	24.52851457
60	1.06538	19.7911	0.1264497	14.7397	16.43447	18.11787	19.7911	21.45511	23.11071	24.75859	15.04335777	15.64387943	18.09950416	19.7911	21.47328291	23.88182242	24.46475871
61	1.081488	19.74514	0.1264497	14.69399	16.39143	18.07463	19.74514	21.4042	23.05283	24.6919	14.99834371	15.59996114	18.05627258	19.74514	21.42230172	23.82003143	24.39975764
62	1.097334	19.69798	0.1264497	14.64754	16.34746	18.03031	19.69798	21.35201	22.99364	24.62393	14.95256985	15.55521552	18.01196651	19.69798	21.37004384	23.75694982	24.33348075
63	1.112927	19.64957	0.1264497	14.60033	16.30254	17.98486	19.64957	21.29848	22.93309	24.55463	14.90599593	15.50960115	17.96653975	19.64957	21.31645436	23.6925127	24.26586005
64	1.128274	19.59995	0.1264497	14.55239	16.25669	17.93832	19.59995	21.24367	22.87121	24.48403	14.8586512	15.46314853	17.92002855	19.59995	21.26157616	23.62676456	24.19693986
65	1.143383	19.54918	0.1264497	14.50375	16.20997	17.89077	19.54918	21.18764	22.80811	24.41222	14.81057921	15.41590332	17.87248737	19.54918	21.20547376	23.55977366	24.12678875
66	1.158261	19.49739	0.1264497	14.45452	16.16248	17.84229	19.49739	21.13052	22.74389	24.33933	14.76187691	15.36796666	17.82403467	19.49739	21.14828764	23.49169295	24.05556214
67	1.172916	19.4447	0.1264497	14.40476	16.11432	17.79301	19.4447	21.07245	22.67871	24.26553	14.7126327	15.31943109	17.77477972	19.4447	21.09014735	23.42266292	23.98340257
68	1.187353	19.39121	0.1264497	14.35458	16.06557	17.74302	19.39121	21.01353	22.61269	24.19092	14.66292144	15.27037459	17.72481365	19.39121	21.03116096	23.35280101	23.91042928
69	1.20158	19.33703	0.1264497	14.30402	16.01632	17.69241	19.33703	20.95388	22.54594	24.11563	14.61282335	15.22088137	17.67423651	19.33703	20.97144713	23.28223556	23.83677238
70	1.215602	19.28229	0.1264497	14.25321	15.96668	17.64131	19.28229	20.89366	22.47863	24.03985	14.56243541	15.17105261	17.62316681	19.28229	20.91114641	23.21112002	23.76258798
71	1.229425	19.22719	0.1264497	14.20227	15.91681	17.5899	19.22719	20.83305	22.41097	23.96378	14.51190644	15.12104384	17.57178694	19.22719	20.85047519	23.13969166	23.68811791
72	1.243055	19.1719	0.1264497	14.15133	15.86685	17.53833	19.1719	20.77226	22.34317	23.88765	14.46136222	15.07098668	17.52025182	19.1719	20.78961728	23.06815153	23.61356683
73	1.256496	19.11653	0.1264497	14.10048	15.8169	17.48672	19.11653	20.71141	22.27535	23.8116	14.41088424	15.0209663	17.46866168	19.11653	20.72869153	22.99662909	23.53906638
74	1.269755	19.06121	0.1264497	14.0498	15.76706	17.43516	19.06121	20.65063	22.20766	23.73577	14.36056683	14.97108196	17.41713474	19.06121	20.66783828	22.92527674	23.46477134
75	1.282836	19.00606	0.1264497	13.99938	15.71741	17.38377	19.00606	20.59003	22.14023	23.6603	14.31049847	14.92142631	17.36578031	19.00606	20.6071872	22.85423588	23.39082554
76	1.295744	18.95115	0.1264497	13.94927	15.66803	17.33263	18.95115	20.52974	22.07317	23.58529	14.26072913	14.87205209	17.3146619	18.95115	20.54681369	22.78358739	23.31731073
77	1.308482	18.89658	0.1264497	13.89954	15.61899	17.28181	18.89658	20.46981	22.00656	23.51086	14.21133245	14.82303644	17.26387059	18.89658	20.48682577	22.71344892	23.24434653
78	1.321057	18.84241	0.1264497	13.85022	15.57034	17.23136	18.84241	20.41034	21.94047	23.43705	14.16234923	14.77442305	17.21346057	18.84241	20.42728783	22.64388859	23.17200148
79	1.333471	18.78867	0.1264497	13.80135	15.52211	17.18133	18.78867	20.35135	21.87495	23.36393	14.11380083	14.72623442	17.16345902	18.78867	20.36823209	22.57494027	23.10030955
80	1.345729	18.73541	0.1264497	13.75295	15.47432	17.13175	18.73541	20.29289	21.81005	23.29154	14.06572161	14.67850722	17.11391113	18.73541	20.30971223	22.50666082	23.02932796
81	1.357835	18.68265	0.1264497	13.70504	15.42701	17.08264	18.68265	20.23499	21.7458	23.21991	14.01812394	14.63125503	17.06483478	18.68265	20.25174948	22.43907142	22.95907757
82	1.369793	18.63042	0.1264497	13.65763	15.38019	17.03403	18.63042	20.17768	21.68221	23.14906	13.97102767	14.58449922	17.01625696	18.63042	20.19437591	22.37220533	22.88959155
83	1.381605	18.57873	0.1264497	13.61073	15.33387	16.98593	18.57873	20.12097	21.61931	23.079	13.92443888	14.53824646	16.96818656	18.57873	20.13760204	22.3060725	22.82087946
84	1.393276	18.5276	0.1264497	13.56436	15.28807	16.93836	18.5276	20.06488	21.55712	23.00977	13.87836914	14.49250971	16.92064137	18.5276	20.08144906	22.24069388	22.75296186
85	1.404809	18.47705	0.1264497	13.51851	15.2428	16.89133	18.47705	20.00943	21.49566	22.94137	13.83283128	14.44730293	16.87363933	18.47705	20.02593827	22.17609116	22.68586024
