LMSchartmaker Pro version 2.54																	
Data file: X:\bhinton\Data\BlackFmiLmi.txt																	
Free format																	
Age: field 6																	
Measure: field 15																	
Weighting: field 0																	
Selector: field 3																	
Count: 1633																	
edf:	L	M	S														
    	1	4	1								3	5	25	50	75	95	97
Age	L	M	S	-2.0001	-1.3334	-0.6667	0	0.6667	1.3334	2.0001	-1.881	-1.645	-0.674	0	0.674	1.645	1.881
8	-0.4376288	2.352574	0.1631845	1.733995	1.911075	2.115361	2.352574	2.629991	2.95698	3.345758	1.76384854	1.825225878	2.112957671	2.352574	2.633283447	3.130119456	3.271115991
9	-0.4376288	2.459603	0.1631845	1.812883	1.998018	2.211598	2.459603	2.749641	3.091506	3.497971	1.844093814	1.908263479	2.209085465	2.459603	2.753083162	3.272522439	3.41993353
10	-0.4376288	2.553559	0.1631845	1.882134	2.074341	2.29608	2.553559	2.854676	3.209601	3.631593	1.914537572	1.981158496	2.29347178	2.553559	2.858250004	3.397531686	3.550573831
11	-0.4376288	2.635119	0.1631845	1.942249	2.140595	2.369417	2.635119	2.945854	3.312115	3.747585	1.975687396	2.044436175	2.366724663	2.635119	2.949541755	3.506047951	3.663978221
12	-0.4376288	2.704956	0.1631845	1.993723	2.197326	2.432212	2.704956	3.023926	3.399894	3.846905	2.02804787	2.098618658	2.429448566	2.704956	3.027711715	3.598966666	3.761082468
13	-0.4376288	2.763787	0.1631845	2.037085	2.245116	2.485111	2.763787	3.089694	3.473839	3.930572	2.072156567	2.144262223	2.482287462	2.763787	3.093562438	3.677241805	3.842883519
14	-0.4376288	2.812773	0.1631845	2.073192	2.28491	2.529158	2.812773	3.144457	3.535411	4.00024	2.108883949	2.182267622	2.526284099	2.812773	3.148393454	3.742418089	3.910995675
15	-0.4376288	2.853496	0.1631845	2.103206	2.31799	2.565774	2.853496	3.189981	3.586595	4.058154	2.139416126	2.213862239	2.562859346	2.853496	3.193975528	3.796600382	3.967618615
16	-0.4376288	2.887517	0.1631845	2.128283	2.345627	2.596365	2.887517	3.228015	3.629358	4.106538	2.16492346	2.240257162	2.593415211	2.887517	3.232055918	3.841865609	4.014922818
17	-0.4376288	2.916112	0.1631845	2.149359	2.368855	2.622077	2.916112	3.259982	3.665299	4.147204	2.186362636	2.262442366	2.619097729	2.916112	3.264062877	3.879911496	4.054682486
18	-0.4376288	2.940343	0.1631845	2.167218	2.388539	2.643865	2.940343	3.28707	3.695755	4.181665	2.204529892	2.281241795	2.640860733	2.940343	3.291185123	3.912151045	4.088374269
19	-0.4376288	2.96109	0.1631845	2.18251	2.405392	2.662519	2.96109	3.310263	3.721832	4.21117	2.22008501	2.29733819	2.659494593	2.96109	3.314407658	3.939755103	4.117221754
20	-0.4376288	2.979	0.1631845	2.195711	2.419941	2.678624	2.979	3.330286	3.744344	4.236642	2.23351308	2.311233522	2.675580408	2.979	3.334454682	3.963584508	4.142124557
21	-0.4376288	2.994376	0.1631845	2.207044	2.432432	2.69245	2.994376	3.347475	3.76367	4.25851	2.245041276	2.323162869	2.689390319	2.994376	3.351665348	3.984042405	4.163503982
22	-0.4376288	3.007422	0.1631845	2.21666	2.44303	2.70418	3.007422	3.362059	3.780067	4.277063	2.254822549	2.333284505	2.701107547	3.007422	3.366267999	4.001400218	4.181643679
23	-0.4376288	3.018294	0.1631845	2.224674	2.451862	2.713956	3.018294	3.374213	3.793733	4.292525	2.262973859	2.34171946	2.710872203	3.018294	3.378437247	4.015865505	4.196760556
24	-0.4376288	3.027148	0.1631845	2.2312	2.459054	2.721917	3.027148	3.384111	3.804862	4.305117	2.269612169	2.348588766	2.718824398	3.027148	3.388347708	4.027645826	4.209071523
25	-0.4376288	3.034141	0.1631845	2.236353	2.464734	2.728205	3.034141	3.391928	3.813651	4.315062	2.274855189	2.354014229	2.725105141	3.034141	3.396175113	4.036950071	4.218794879
26	-0.4376288	3.039407	0.1631845	2.240235	2.469012	2.732939	3.039407	3.397815	3.820269	4.32255	2.278803387	2.358099813	2.729834784	3.039407	3.402069453	4.043956529	4.226116943
27	-0.4376288	3.043065	0.1631845	2.242931	2.471984	2.736229	3.043065	3.401905	3.824868	4.327754	2.281545982	2.360937844	2.733120206	3.043065	3.406163926	4.048823528	4.231203177
28	-0.4376288	3.04523	0.1631845	2.244527	2.473742	2.738176	3.04523	3.404325	3.827589	4.330832	2.283169196	2.362617542	2.735064695	3.04523	3.408587254	4.051704079	4.234213482
29	-0.4376288	3.046001	0.1631845	2.245095	2.474369	2.738869	3.046001	3.405187	3.828558	4.331929	2.283747255	2.363215716	2.735757167	3.046001	3.40945025	4.052729901	4.235285513
30	-0.4376288	3.045497	0.1631845	2.244723	2.473959	2.738415	3.045497	3.404624	3.827924	4.331212	2.28336938	2.362824692	2.7353045	3.045497	3.408886113	4.052059325	4.23458473
31	-0.4376288	3.043839	0.1631845	2.243502	2.472613	2.736925	3.043839	3.402771	3.825841	4.328855	2.28212629	2.361538345	2.733815372	3.043839	3.40703028	4.049853342	4.232279379
32	-0.4376288	3.04116	0.1631845	2.241527	2.470436	2.734516	3.04116	3.399776	3.822473	4.325044	2.280117703	2.359459865	2.731409236	3.04116	3.404031621	4.04628891	4.228554386
33	-0.4376288	3.037604	0.1631845	2.238906	2.467547	2.731319	3.037604	3.3958	3.818004	4.319987	2.277451583	2.35670097	2.728215425	3.037604	3.400051319	4.041557622	4.223609977
34	-0.4376288	3.033303	0.1631845	2.235736	2.464054	2.727451	3.033303	3.390992	3.812598	4.31387	2.274226897	2.353364073	2.724352494	3.033303	3.395237123	4.035835105	4.217629689
35	-0.4376288	3.028372	0.1631845	2.232101	2.460048	2.723018	3.028372	3.385479	3.8064	4.306858	2.270529866	2.349538396	2.71992373	3.028372	3.389717756	4.029274369	4.210773423
36	-0.4376288	3.022913	0.1631845	2.228078	2.455613	2.718109	3.022913	3.379377	3.799538	4.299094	2.266436967	2.345303074	2.715020745	3.022913	3.383607387	4.022011123	4.203183005
37	-0.4376288	3.017012	0.1631845	2.223728	2.450819	2.712803	3.017012	3.372779	3.792121	4.290701	2.262012676	2.34072483	2.709720778	3.017012	3.377002279	4.014159793	4.194978011
38	-0.4376288	3.010738	0.1631845	2.219104	2.445724	2.707162	3.010738	3.365766	3.784236	4.281779	2.257308728	2.335857197	2.704085803	3.010738	3.369979664	4.005812183	4.186254382
39	-0.4376288	3.004145	0.1631845	2.214245	2.440368	2.701234	3.004145	3.358396	3.775949	4.272403	2.252365609	2.33074207	2.698164319	3.004145	3.362599987	3.997040142	4.177087203
40	-0.4376288	2.997272	0.1631845	2.209179	2.434785	2.695054	2.997272	3.350713	3.76731	4.262629	2.24721256	2.325409708	2.691991353	2.997272	3.354906899	3.987895557	4.1675307
41	-0.4376288	2.990158	0.1631845	2.203935	2.429005	2.688656	2.990158	3.342759	3.758368	4.25251	2.241878819	2.319890367	2.685601934	2.990158	3.346944056	3.978430321	4.157639101
42	-0.4376288	2.98283	0.1631845	2.198534	2.423053	2.682068	2.98283	3.334567	3.749158	4.242089	2.236384632	2.314204997	2.679020312	2.98283	3.338741678	3.968680355	4.147449947
43	-0.4376288	2.975326	0.1631845	2.193003	2.416957	2.67532	2.975326	3.326178	3.739725	4.231417	2.230758488	2.308383078	2.672280616	2.975326	3.3303423	3.95869622	4.137016076
44	-0.4376288	2.967681	0.1631845	2.187369	2.410747	2.668447	2.967681	3.317632	3.730117	4.220545	2.22502663	2.302451765	2.66541428	2.967681	3.321785097	3.948524484	4.126386152
45	-0.4376288	2.959936	0.1631845	2.18166	2.404455	2.661482	2.959936	3.308973	3.720381	4.209529	2.219219795	2.296442868	2.658458131	2.959936	3.313115963	3.938219696	4.115617184
46	-0.4376288	2.952123	0.1631845	2.175901	2.398108	2.654457	2.952123	3.300239	3.710562	4.198419	2.213361978	2.290381214	2.651440907	2.952123	3.304370715	3.927824434	4.104753667
47	-0.4376288	2.944272	0.1631845	2.170114	2.39173	2.647397	2.944272	3.291462	3.700693	4.187252	2.20747567	2.284290078	2.644389553	2.944272	3.295582932	3.917378613	4.093837312
48	-0.4376288	2.936405	0.1631845	2.164316	2.38534	2.640324	2.936405	3.282668	3.690805	4.176065	2.201577366	2.278186529	2.63732383	2.936405	3.286777241	3.906911503	4.082898711
49	-0.4376288	2.928544	0.1631845	2.158522	2.378954	2.633255	2.928544	3.273879	3.680924	4.164885	2.195683561	2.272087634	2.630263495	2.928544	3.277978265	3.896452376	4.071968452
50	-0.4376288	2.920706	0.1631845	2.152745	2.372587	2.626208	2.920706	3.265117	3.671073	4.153738	2.189807	2.266006584	2.623223817	2.920706	3.269205034	3.886023852	4.061070173
51	-0.4376288	2.912909	0.1631845	2.146998	2.366253	2.619197	2.912909	3.256401	3.661273	4.142649	2.183961179	2.259957343	2.616220964	2.912909	3.260477695	3.875649878	4.050228903
52	-0.4376288	2.905167	0.1631845	2.141292	2.359965	2.612236	2.905167	3.247746	3.651542	4.131639	2.178156594	2.253950774	2.609267509	2.905167	3.251811918	3.865349082	4.039464106
53	-0.4376288	2.897493	0.1631845	2.135635	2.353731	2.605335	2.897493	3.239167	3.641896	4.120725	2.172402992	2.247996962	2.602375127	2.897493	3.243222256	3.85513876	4.02879386
54	-0.4376288	2.889896	0.1631845	2.130036	2.347559	2.598504	2.889896	3.230674	3.632348	4.109921	2.166707121	2.24210289	2.595551903	2.889896	3.234718781	3.845030888	4.018230678
55	-0.4376288	2.882384	0.1631845	2.124499	2.341457	2.59175	2.882384	3.222276	3.622906	4.099238	2.16107498	2.236274764	2.588805022	2.882384	3.226310448	3.835036109	4.007785683
56	-0.4376288	2.874961	0.1631845	2.119028	2.335427	2.585076	2.874961	3.213979	3.613576	4.088681	2.155509566	2.230515689	2.582138075	2.874961	3.218001734	3.825159745	3.997464437
57	-0.4376288	2.867628	0.1631845	2.113623	2.32947	2.578481	2.867628	3.20578	3.604358	4.078251	2.15001163	2.224826439	2.575551962	2.867628	3.20979376	3.815403127	3.987268331
58	-0.4376288	2.860381	0.1631845	2.108281	2.323583	2.571965	2.860381	3.197679	3.59525	4.067945	2.144578173	2.219203911	2.56904309	2.860381	3.201682047	3.805760933	3.977191803
59	-0.4376288	2.853219	0.1631845	2.103002	2.317765	2.565525	2.853219	3.189672	3.586247	4.05776	2.139208444	2.21364733	2.56261056	2.853219	3.193665476	3.796231832	3.967233463
60	-0.4376288	2.84614	0.1631845	2.097785	2.312015	2.55916	2.84614	3.181758	3.57735	4.047692	2.133900945	2.208155144	2.556252576	2.84614	3.185741809	3.786813163	3.957390529
61	-0.4376288	2.839143	0.1631845	2.092628	2.306331	2.552869	2.839143	3.173936	3.568555	4.037742	2.128654926	2.202726577	2.54996824	2.839143	3.177909926	3.777503595	3.947661612
62	-0.4376288	2.832228	0.1631845	2.087531	2.300714	2.546651	2.832228	3.166206	3.559864	4.027907	2.123470387	2.19736163	2.543757552	2.832228	3.170169827	3.76830313	3.93804671
63	-0.4376288	2.825395	0.1631845	2.082494	2.295163	2.540507	2.825395	3.158567	3.551275	4.018189	2.118347327	2.192060301	2.537620513	2.825395	3.162521513	3.759211766	3.928545825
64	-0.4376288	2.818644	0.1631845	2.077518	2.289679	2.534436	2.818644	3.15102	3.54279	4.008588	2.113285747	2.186822591	2.531557121	2.818644	3.154964982	3.750229504	3.919158956
65	-0.4376288	2.811974	0.1631845	2.072603	2.284261	2.52844	2.811974	3.143564	3.534407	3.999103	2.108284897	2.181647724	2.52556648	2.811974	3.147499117	3.741355013	3.909884713
66	-0.4376288	2.805385	0.1631845	2.067746	2.278908	2.522515	2.805385	3.136198	3.526125	3.989733	2.103344777	2.176535701	2.519648588	2.805385	3.140123917	3.732588293	3.900723095
67	-0.4376288	2.798876	0.1631845	2.062948	2.273621	2.516662	2.798876	3.128921	3.517943	3.980475	2.098464637	2.171485745	2.513802548	2.798876	3.132838262	3.723928014	3.891672713
68	-0.4376288	2.792443	0.1631845	2.058207	2.268395	2.510878	2.792443	3.12173	3.509858	3.971326	2.093641479	2.166494753	2.508024767	2.792443	3.125637675	3.715368853	3.882728004
69	-0.4376288	2.786084	0.1631845	2.05352	2.26323	2.50516	2.786084	3.114621	3.501865	3.962283	2.088873802	2.161561173	2.50231345	2.786084	3.118519919	3.706908151	3.873886188
70	-0.4376288	2.779798	0.1631845	2.048887	2.258123	2.499508	2.779798	3.107594	3.493964	3.953343	2.084160857	2.15668423	2.496667696	2.779798	3.111483872	3.698544575	3.865145874
71	-0.4376288	2.773582	0.1631845	2.044305	2.253074	2.493919	2.773582	3.100645	3.486151	3.944504	2.079500394	2.151861596	2.491084814	2.773582	3.104526178	3.690274135	3.856502891
72	-0.4376288	2.767436	0.1631845	2.039775	2.248081	2.488392	2.767436	3.093774	3.478426	3.935762	2.074892415	2.14709327	2.485564801	2.767436	3.097646837	3.68209683	3.847957239
73	-0.4376288	2.761357	0.1631845	2.035294	2.243143	2.482926	2.761357	3.086978	3.470785	3.927117	2.070334668	2.142376926	2.480104965	2.761357	3.09084249	3.674008669	3.839504747
74	-0.4376288	2.755344	0.1631845	2.030862	2.238258	2.477519	2.755344	3.080256	3.463227	3.918565	2.065826406	2.137711788	2.474704406	2.755344	3.084112018	3.666008323	3.831144023
75	-0.4376288	2.749397	0.1631845	2.026479	2.233427	2.472172	2.749397	3.073607	3.455752	3.910107	2.061367627	2.133097855	2.469363124	2.749397	3.077455421	3.658095789	3.822875069
76	-0.4376288	2.743515	0.1631845	2.022144	2.228649	2.466883	2.743515	3.067032	3.448359	3.901742	2.056957582	2.128534352	2.464080223	2.743515	3.07087158	3.650269739	3.814696493
77	-0.4376288	2.737699	0.1631845	2.017857	2.223924	2.461653	2.737699	3.060529	3.441049	3.893471	2.052597021	2.124022055	2.458856599	2.737699	3.064361614	3.642531502	3.806609687
78	-0.4376288	2.731948	0.1631845	2.013618	2.219253	2.456482	2.731948	3.054101	3.43382	3.885292	2.048285193	2.119560187	2.453691355	2.731948	3.057924404	3.634879748	3.798613259
79	-0.4376288	2.726263	0.1631845	2.009428	2.214634	2.45137	2.726263	3.047745	3.426675	3.877207	2.04402285	2.115149525	2.448585388	2.726263	3.051561069	3.627315808	3.7907086
80	-0.4376288	2.720644	0.1631845	2.005286	2.21007	2.446318	2.720644	3.041463	3.419612	3.869215	2.03980999	2.110790068	2.443538699	2.720644	3.045271609	3.619839681	3.782895711
81	-0.4376288	2.715091	0.1631845	2.001193	2.205559	2.441325	2.715091	3.035256	3.412632	3.861318	2.035646613	2.106481817	2.438551288	2.715091	3.039056024	3.612451368	3.775174591
82	-0.4376288	2.709604	0.1631845	1.997149	2.201102	2.436391	2.709604	3.029122	3.405735	3.853515	2.031532721	2.102224772	2.433623154	2.709604	3.032914315	3.605150869	3.767545239
83	-0.4376288	2.704181	0.1631845	1.993152	2.196697	2.431515	2.704181	3.02306	3.398921	3.845803	2.027466812	2.09801738	2.428752502	2.704181	3.026844242	3.597935522	3.760004876
84	-0.4376288	2.698823	0.1631845	1.989203	2.192345	2.426698	2.698823	3.01707	3.392186	3.838183	2.023449637	2.093860418	2.42394023	2.698823	3.020846924	3.590806658	3.752554892
85	-0.4376288	2.693528	0.1631845	1.9853	2.188043	2.421937	2.693528	3.011151	3.38553	3.830653	2.019479697	2.089752335	2.41918454	2.693528	3.014920124	3.583761616	3.745192505
