LMSchartmaker Pro version 2.54																	
Data file: X:\bhinton\Data\WhiteFmiLmi.txt																	
Free format																	
Age: field 6																	
Measure: field 8																	
Weighting: field 0																	
Selector: field 3																	
Count: 3150																	
edf:	L	M	S														
    	2	3	1								3	5	25	50	75	95	97
Age	L	M	S	-2.0001	-1.3334	-0.6667	0	0.6667	1.3334	2.0001	-1.881	-1.645	-0.674	0	0.674	1.645	1.881
8	-0.4576935	1.221993	0.330512	0.6858825	0.817935	0.9905924	1.221993	1.5415	1.999089	2.685269	0.707075622	0.751987682	0.988424591	1.221993	1.545644201	2.283402646	2.539726922
9	-0.4199964	1.285946	0.330512	0.7175721	0.8582599	1.041592	1.285946	1.620475	2.093503	2.789514	0.740173606	0.788043506	1.03929542	1.285946	1.624792383	2.383801891	2.643194196
10	-0.3862752	1.343001	0.330512	0.7454033	0.8939862	1.087011	1.343001	1.690807	2.177135	2.881178	0.769294378	0.819870923	1.084597859	1.343001	1.695273342	2.472425867	2.734282533
11	-0.3557707	1.394363	0.330512	0.77008	0.9259345	1.127831	1.394363	1.754014	2.251933	2.962614	0.795161615	0.848233223	1.125311287	1.394363	1.758614369	2.551443236	2.815299845
12	-0.3279222	1.44101	0.330512	0.7921684	0.9547689	1.164846	1.44101	1.811333	2.319468	3.035714	0.818356555	0.873744716	1.162229207	1.44101	1.816052338	2.622593787	2.888096095
13	-0.3023041	1.483594	0.330512	0.8120456	0.9809317	1.198587	1.483594	1.863585	2.38078	3.101698	0.839266398	0.896814602	1.195880384	1.483594	1.868410655	2.687017519	2.953871835
14	-0.2785855	1.522534	0.330512	0.8299552	1.004707	1.229395	1.522534	1.911297	2.43653	3.161318	0.858141226	0.917706808	1.226604728	1.522534	1.916217962	2.745433455	3.013374605
15	-0.2565039	1.558177	0.330512	0.8460975	1.02633	1.257551	1.558177	1.954904	2.487262	3.215194	0.875187268	0.936639153	1.25468352	1.558177	1.959911616	2.798434592	3.067221663
16	-0.235848	1.590759	0.330512	0.860611	1.045962	1.283247	1.590759	1.994704	2.533347	3.263737	0.890546063	0.953760785	1.280308227	1.590759	1.999788934	2.846418108	3.115821715
17	-0.2164448	1.6205	0.330512	0.873623	1.063751	1.306662	1.6205	2.030973	2.575126	3.307335	0.904348548	0.969209909	1.303657136	1.6205	2.036126877	2.889755976	3.159560631
18	-0.1981509	1.647629	0.330512	0.8852644	1.079851	1.327981	1.647629	2.063998	2.61296	3.346402	0.9167292	0.983128883	1.324915509	1.647629	2.069213468	2.928838263	3.198847429
19	-0.1808464	1.672365	0.330512	0.8956594	1.09441	1.347382	1.672365	2.094054	2.647189	3.381341	0.92781554	0.995652954	1.344260307	1.672365	2.099323908	2.964038267	3.234075165
20	-0.1644297	1.694924	0.330512	0.9049283	1.107571	1.36504	1.694924	2.121411	2.678151	3.412547	0.937732104	1.006914488	1.361865837	1.694924	2.126729366	2.995724218	3.265633011
21	-0.1488142	1.715525	0.330512	0.9131924	1.119479	1.381131	1.715525	2.146343	2.706186	3.440427	0.946603895	1.01704665	1.377908597	1.715525	2.151704527	3.024269595	3.293917066
22	-0.1339252	1.734377	0.330512	0.9205664	1.130273	1.395824	1.734377	2.169111	2.731618	3.465367	0.954549222	1.026175706	1.392556835	1.734377	2.174511272	3.050029715	3.319304442
23	-0.1196982	1.751679	0.330512	0.9271579	1.140082	1.409279	1.751679	2.189964	2.754756	3.487735	0.961679906	1.034421194	1.40597059	1.751679	2.195398738	3.073341954	3.342153412
24	-0.1060767	1.767604	0.330512	0.9330615	1.149022	1.421636	1.767604	2.209118	2.775868	3.507851	0.968092558	1.041886528	1.418288861	1.767604	2.214583273	3.094497533	3.362772527
25	-9.30E-02	1.782305	0.330512	0.9383587	1.157191	1.433018	1.782305	2.226764	2.795188	3.52599	0.973872173	1.048662788	1.429634482	1.782305	2.232256045	3.113752653	3.38143284
26	-8.05E-02	1.795913	0.330512	0.943119	1.164675	1.443531	1.795913	2.243064	2.812916	3.542385	0.979091069	1.054827574	1.440112525	1.795913	2.248580542	3.131324887	3.398363845
27	-6.84E-02	1.808534	0.330512	0.9473987	1.171543	1.453258	1.808534	2.25815	2.829212	3.557224	0.983807517	1.06044346	1.449807943	1.808534	2.26368889	3.147388487	3.413748514
28	-5.67E-02	1.820263	0.330512	0.9512482	1.177856	1.462277	1.820263	2.272141	2.844221	3.570674	0.988073458	1.06556629	1.458796816	1.820263	2.277699407	3.162098865	3.427749821
29	-4.55E-02	1.831189	0.330512	0.9547141	1.183672	1.470659	1.831189	2.285146	2.858078	3.582891	0.991937282	1.070248156	1.467150365	1.831189	2.290722871	3.175601318	3.440520159
30	-3.47E-02	1.841391	0.330512	0.9578376	1.189042	1.478467	1.841391	2.297265	2.870902	3.59401	0.995441715	1.074535107	1.474931762	1.841391	2.302857527	3.188024097	3.452193805
31	-2.42E-02	1.850936	0.330512	0.9606537	1.194009	1.485756	1.850936	2.30858	2.882793	3.604148	0.998622787	1.07846602	1.482194536	1.850936	2.314186596	3.199474978	3.462883172
32	-1.40E-02	1.859885	0.330512	0.9631925	1.198611	1.492573	1.859885	2.319165	2.893841	3.613403	1.001513136	1.082076152	1.488987386	1.859885	2.324785794	3.210051716	3.472690127
33	-4.15E-03	1.868289	0.330512	0.9654816	1.202883	1.49896	1.868289	2.329087	2.904123	3.621866	1.004139881	1.085394838	1.495350989	1.868289	2.334718338	3.219835127	3.481698479
34	5.40E-03	1.876195	0.330512	0.9675444	1.206853	1.504954	1.876195	2.338401	2.91371	3.629612	1.0065279	1.088449012	1.501322808	1.876195	2.344042452	3.228899487	3.489985223
35	1.47E-02	1.883645	0.330512	0.9694017	1.210547	1.510589	1.883645	2.347159	2.922661	3.63671	1.008699303	1.091262643	1.506936294	1.883645	2.352810119	3.237310782	3.497618614
36	2.37E-02	1.890675	0.330512	0.9710718	1.21399	1.515893	1.890675	2.355406	2.93103	3.643218	1.01067292	1.093856175	1.512220092	1.890675	2.36106584	3.245124994	3.504656309
37	3.25E-02	1.897317	0.330512	0.9725704	1.2172	1.520891	1.897317	2.363181	2.938863	3.649187	1.012465399	1.096247698	1.517199643	1.897317	2.368849131	3.25239154	3.511149072
38	4.10E-02	1.903598	0.330512	0.9739115	1.220195	1.525606	1.903598	2.370518	2.946201	3.654661	1.014090682	1.098452388	1.521896387	1.903598	2.37619328	3.259151561	3.517138906
39	4.93E-02	1.909545	0.330512	0.9751084	1.222993	1.53006	1.909545	2.377451	2.953082	3.659682	1.015562691	1.100485409	1.526331766	1.909545	2.38313159	3.265446484	3.52266829
40	5.74E-02	1.915184	0.330512	0.9761729	1.225608	1.534271	1.915184	2.384009	2.959543	3.664288	1.016894784	1.10236132	1.530526419	1.915184	2.389696126	3.271316252	3.527778248
41	6.53E-02	1.920534	0.330512	0.9771156	1.228054	1.538257	1.920534	2.390219	2.965615	3.668514	1.018096582	1.104090639	1.53449539	1.920534	2.395910232	3.276789087	3.532497291
42	7.30E-02	1.925617	0.330512	0.9779459	1.230344	1.542033	1.925617	2.396105	2.971324	3.672387	1.019179294	1.105685609	1.538256125	1.925617	2.401801011	3.281898564	3.536859831
43	8.06E-02	1.930448	0.330512	0.9786718	1.232486	1.545613	1.930448	2.401687	2.976695	3.675935	1.020150404	1.107154438	1.541820475	1.930448	2.407386843	3.286666511	3.540887729
44	8.79E-02	1.935042	0.330512	0.9793003	1.234491	1.549007	1.935042	2.406983	2.981749	3.679177	1.021017404	1.108505342	1.545200297	1.935042	2.412686123	3.291114983	3.544603204
45	9.51E-02	1.939411	0.330512	0.9798369	1.236366	1.552226	1.939411	2.412007	2.986502	3.68213	1.021786197	1.109744817	1.548405054	1.939411	2.41771352	3.2952611	3.54802325
46	0.1021473	1.943567	0.330512	0.9802871	1.238118	1.555279	1.943567	2.416775	2.990971	3.684812	1.022462703	1.110879371	1.551444212	1.943567	2.422483716	3.29912219	3.551165186
47	0.1090305	1.94752	0.330512	0.9806561	1.239753	1.558174	1.94752	2.421299	2.995171	3.687237	1.023051775	1.111914362	1.554325644	1.94752	2.427008909	3.302712312	3.554042885
48	0.1157688	1.951283	0.330512	0.9809489	1.241279	1.56092	1.951283	2.425592	2.999116	3.689421	1.023559866	1.112856879	1.55705962	1.951283	2.431305051	3.306050802	3.556675987
49	0.1223681	1.954864	0.330512	0.9811703	1.242701	1.563525	1.954864	2.429667	3.002823	3.691379	1.023990817	1.113711171	1.559652427	1.954864	2.435381875	3.309148682	3.559075259
50	0.1288341	1.958274	0.330512	0.981325	1.244026	1.565997	1.958274	2.433538	3.006304	3.693126	1.024350015	1.114483175	1.56211274	1.958274	2.439252856	3.312022112	3.561257041
51	0.135172	1.961523	0.330512	0.9814175	1.24526	1.568344	1.961523	2.437214	3.009573	3.694675	1.024642359	1.115178291	1.564448447	1.961523	2.442930239	3.314685749	3.563236135
52	0.1413869	1.964619	0.330512	0.9814519	1.246407	1.570573	1.964619	2.440707	3.012644	3.69604	1.024871659	1.115800744	1.566665832	1.964619	2.446423772	3.317150882	3.565023745
53	0.1474833	1.967571	0.330512	0.9814318	1.247474	1.57269	1.967571	2.444028	3.015526	3.697232	1.025042321	1.116355392	1.568771994	1.967571	2.449744478	3.319430732	3.566633246
54	0.1534659	1.970387	0.330512	0.9813608	1.248464	1.574701	1.970387	2.447185	3.018231	3.698262	1.02515813	1.11684644	1.570773215	1.970387	2.452902113	3.321536718	3.568076057
55	0.1593386	1.973073	0.330512	0.9812421	1.249382	1.576612	1.973073	2.450187	3.02077	3.699141	1.025221958	1.11727707	1.572674209	1.973073	2.455903981	3.323477222	3.569360455
56	0.1651055	1.975635	0.330512	0.9810785	1.250232	1.578428	1.975635	2.453042	3.023149	3.699875	1.025236587	1.117650387	1.574479676	1.975635	2.458757373	3.325260527	3.570494591
57	0.1707704	1.978081	0.330512	0.9808727	1.251017	1.580153	1.978081	2.455756	3.025378	3.700475	1.025205864	1.117970652	1.576195912	1.978081	2.461472075	3.326898398	3.571490407
58	0.1763367	1.980416	0.330512	0.9806277	1.251742	1.581794	1.980416	2.458339	3.027467	3.70095	1.025132126	1.11824047	1.577826836	1.980416	2.464054162	3.328397714	3.572354659
59	0.1818079	1.982647	0.330512	0.9803461	1.252409	1.583353	1.982647	2.460798	3.029422	3.701307	1.025018689	1.118463524	1.579377948	1.982647	2.466512183	3.329768661	3.573097644
60	0.1871871	1.984778	0.330512	0.9800304	1.253023	1.584837	1.984778	2.463139	3.031252	3.701556	1.024867371	1.118641855	1.580852371	1.984778	2.468850975	3.331016547	3.573724488
61	0.1924774	1.986817	0.330512	0.9796832	1.253586	1.586249	1.986817	2.465368	3.032966	3.701704	1.024682025	1.11877973	1.582256409	1.986817	2.471080346	3.332153386	3.574247517
62	0.1976816	1.988767	0.330512	0.9793068	1.254102	1.587593	1.988767	2.467494	3.03457	3.701758	1.024463958	1.118878631	1.583592389	1.988767	2.473203899	3.333182922	3.574670229
63	0.2028026	1.990635	0.330512	0.9789035	1.254574	1.588875	1.990635	2.469522	3.036071	3.701727	1.024216491	1.11894225	1.584865818	1.990635	2.475230201	3.334115556	3.575003256
64	0.207843	1.992425	0.330512	0.9784755	1.255006	1.590096	1.992425	2.471457	3.037477	3.701617	1.023941438	1.118972624	1.586079821	1.992425	2.477164101	3.334956778	3.575252009
65	0.2128052	1.994142	0.330512	0.9780248	1.255399	1.591263	1.994142	2.473307	3.038794	3.701435	1.023641151	1.118972373	1.587238323	1.994142	2.479011702	3.335713837	3.575423813
66	0.2176916	1.995791	0.330512	0.9775535	1.255756	1.592377	1.995791	2.475076	3.040028	3.701188	1.023317956	1.118944094	1.588345246	1.995791	2.480779104	3.336393971	3.575525986
67	0.2225046	1.997376	0.330512	0.9770637	1.256081	1.593442	1.997376	2.47677	3.041187	3.700882	1.022973641	1.118889807	1.589403712	1.997376	2.482471158	3.337002739	3.575564053
68	0.2272462	1.998901	0.330512	0.976557	1.256376	1.594463	1.998901	2.478394	3.042274	3.700523	1.02261007	1.11881159	1.590416859	1.998901	2.484092738	3.33754587	3.575543774
69	0.2319186	2.000372	0.330512	0.9760355	1.256643	1.595442	2.000372	2.479954	3.043299	3.700119	1.022230062	1.118712587	1.591389402	2.000372	2.485651189	3.338032336	3.575474363
70	0.2365238	2.001791	0.330512	0.9755008	1.256885	1.596382	2.001791	2.481454	3.044264	3.699674	1.021834415	1.118593726	1.59232288	2.001791	2.487148894	3.338464514	3.575357999
71	0.2410637	2.003164	0.330512	0.9749548	1.257104	1.597288	2.003164	2.4829	3.045177	3.699195	1.021425978	1.118458175	1.593222015	2.003164	2.488593211	3.338851494	3.575204064
72	0.2455401	2.004493	0.330512	0.974399	1.257303	1.598161	2.004493	2.484296	3.046042	3.698687	1.021005566	1.118306876	1.594088351	2.004493	2.489986529	3.339195731	3.575014852
73	0.2499547	2.005783	0.330512	0.973835	1.257483	1.599005	2.005783	2.485646	3.046865	3.698155	1.020575529	1.118142449	1.594925817	2.005783	2.491334971	3.339504721	3.574798071
74	0.2543093	2.007036	0.330512	0.9732641	1.257647	1.599821	2.007036	2.486954	3.04765	3.697604	1.020136651	1.117965811	1.595735952	2.007036	2.492640924	3.339780916	3.57455602
75	0.2586054	2.008256	0.330512	0.9726877	1.257796	1.600613	2.008256	2.488225	3.0484	3.697039	1.019690792	1.117779041	1.596521896	2.008256	2.493909276	3.340030223	3.574294734
76	0.2628446	2.009446	0.330512	0.9721069	1.257933	1.601384	2.009446	2.489462	3.049121	3.696462	1.019239266	1.117583631	1.597285986	2.009446	2.495143665	3.340256841	3.574018414
77	0.2670284	2.010609	0.330512	0.9715229	1.258058	1.602134	2.010609	2.490668	3.049816	3.695879	1.018783397	1.11738108	1.598030562	2.010609	2.496347734	3.340465007	3.573731314
78	0.2711582	2.011746	0.330512	0.9709367	1.258173	1.602866	2.011746	2.491845	3.050489	3.695293	1.01832351	1.117171791	1.598756379	2.011746	2.497522648	3.34065568	3.573434196
79	0.2752354	2.012861	0.330512	0.9703493	1.258279	1.603582	2.012861	2.492998	3.051142	3.694706	1.017861438	1.11695782	1.599466572	2.012861	2.498673293	3.3408348	3.573133157
80	0.2792613	2.013956	0.330512	0.9697615	1.258379	1.604284	2.013956	2.494129	3.051779	3.694123	1.017398016	1.116740129	1.600162691	2.013956	2.49980208	3.341005026	3.572830796
81	0.2832372	2.015033	0.330512	0.969174	1.258472	1.604972	2.015033	2.495239	3.052402	3.693544	1.016934069	1.116519669	1.600846285	2.015033	2.500911416	3.341169018	3.572529718
82	0.2871643	2.016092	0.330512	0.9685876	1.25856	1.605649	2.016092	2.496332	3.053013	3.692972	1.01646943	1.116296297	1.601517316	2.016092	2.502001235	3.341326166	3.572229043
83	0.2910438	2.017137	0.330512	0.9680028	1.258644	1.606316	2.017137	2.497409	3.053615	3.69241	1.016005942	1.116072081	1.602178924	2.017137	2.50307643	3.34148249	3.571934986
84	0.2948768	2.018167	0.330512	0.9674201	1.258724	1.606974	2.018167	2.498471	3.05421	3.691859	1.015542944	1.115846336	1.60283028	2.018167	2.504135698	3.341635767	3.571644966
85	0.2986645	2.019186	0.330512	0.9668397	1.258801	1.607622	2.019186	2.499521	3.054797	3.691319	1.015082263	1.115621114	1.60347452	2.019186	2.505183933	3.34179202	3.571365201
