LMSchartmaker Pro version 2.54																	
Data file: X:\bhinton\Data\WhiteFmiLmi.txt																	
Free format																	
Age: field 6																	
Measure: field 15																	
Weighting: field 0																	
Selector: field 3																	
Count: 3583																	
edf:	L	M	S														
    	2	7	2								3	5	25	50	75	95	97
Age	L	M	S	-2.0001	-1.3334	-0.6667	0	0.6667	1.3334	2.0001	-1.881	-1.645	-0.674	0	0.674	1.645	1.881
8	-0.3918757	1.979776	0.1462456	1.500896	1.640615	1.799121	1.979776	2.186707	2.425023	2.701092	1.524607134	1.573156186	1.797272521	1.979776	2.189137112	2.548908004	2.648673295
9	-0.3134933	2.112972	0.1446913	1.601727	1.752027	1.921411	2.112972	2.330424	2.578243	2.861863	1.627298127	1.679573574	1.919442138	2.112972	2.332963306	2.705970812	2.808291763
10	-0.2433779	2.248036	0.143301	1.704029	1.865053	2.045438	2.248036	2.476198	2.733876	3.025755	1.731487189	1.787540951	2.043348293	2.248036	2.478850939	2.865719599	2.970868745
11	-0.1799507	2.390335	0.1420433	1.811864	1.984147	2.176093	2.390335	2.629911	2.898336	3.19969	1.841304735	1.901325412	2.173875821	2.390335	2.63268696	3.034811716	3.143238514
12	-0.1220463	2.535341	0.1408951	1.921798	2.105557	2.309261	2.535341	2.786553	3.066034	3.377354	1.953261111	2.017326742	2.306914553	2.535341	2.789454452	3.207339617	3.319229474
13	-6.88E-02	2.676058	0.1398389	2.028525	2.22347	2.43857	2.676058	2.93843	3.228482	3.54934	2.061963945	2.129975811	2.436097999	2.676058	2.941451174	3.374404955	3.489610928
14	-1.95E-02	2.803329	0.138861	2.125102	2.330268	2.555665	2.803329	3.075507	3.374676	3.703569	2.160353233	2.231976557	2.553079967	2.803329	3.078631855	3.52451642	3.642503878
15	0.0264516	2.910398	0.1379506	2.206402	2.420315	2.654366	2.910398	3.190411	3.496586	3.831295	2.243215081	2.317936343	2.651688513	2.910398	3.193617847	3.649317659	3.769296759
16	6.94E-02	2.99511	0.1370989	2.270787	2.491796	2.732689	2.99511	3.280829	3.591747	3.929908	2.308879439	2.38612253	2.729937551	2.99511	3.284093244	3.746274559	3.867403907
17	0.1097453	3.059044	0.136299	2.319449	2.546003	2.792049	3.059044	3.348535	3.662166	4.001685	2.358552637	2.437775616	2.789244306	3.059044	3.351835072	3.817517091	3.939053052
18	0.1477832	3.106093	0.1355447	2.355334	2.586156	2.835984	3.106093	3.397824	3.712589	4.05187	2.39522851	2.475984972	2.833141658	3.106093	3.401143099	3.868016541	3.989393894
19	0.1837639	3.139936	0.1348312	2.381225	2.615307	2.867841	3.139936	3.432744	3.747468	4.085357	2.421735957	2.503671732	2.864972718	3.139936	3.436069338	3.902427829	4.023239116
20	0.2178987	3.163383	0.1341544	2.39925	2.635785	2.890178	3.163383	3.456382	3.77019	4.105851	2.440235787	2.523067869	2.88729286	3.163383	3.459703435	3.924285181	4.044237679
21	0.2503676	3.179185	0.1335105	2.41149	2.649875	2.905503	3.179185	3.471751	3.784049	4.116947	2.452846459	2.536362473	2.902607977	3.179185	3.475061751	3.937019664	4.055926413
22	0.2813258	3.189503	0.1328967	2.419583	2.659375	2.915787	3.189503	3.481214	3.791622	4.12144	2.461230285	2.545274198	2.91288744	3.189503	3.484510311	3.943312304	4.061065544
23	0.3109076	3.195559	0.1323101	2.424452	2.6653	2.922147	3.195559	3.486106	3.79436	4.1209	2.466328659	2.550776407	2.919246214	3.195559	3.489383853	3.944665953	4.06119894
24	0.3392302	3.198425	0.1317485	2.426908	2.668543	2.925562	3.198425	3.487593	3.793528	4.116688	2.468966178	2.553722212	2.922662709	3.198425	3.490851929	3.942393634	4.057674248
25	0.3663965	3.199148	0.1312098	2.427745	2.669977	2.926989	3.199148	3.486817	3.790359	4.11013	2.469949725	2.554946525	2.924093846	3.199148	3.490054617	3.937771114	4.051799818
26	0.3924972	3.198656	0.1306923	2.427665	2.670377	2.927279	3.198656	3.484786	3.785942	4.102395	2.469994132	2.555189351	2.924388314	3.198656	3.488001032	3.931924179	4.044729154
27	0.4176127	3.197827	0.1301942	2.427333	2.670474	2.927237	3.197827	3.48245	3.781301	4.094578	2.469777743	2.555152883	2.924350422	3.197827	3.48564388	3.925911899	4.037546422
28	0.4418147	3.197157	0.1297143	2.427125	2.670685	2.927316	3.197157	3.480345	3.777011	4.087286	2.469682148	2.55523273	2.924434826	3.197157	3.483519583	3.920324536	4.030853713
29	0.4651673	3.196864	0.1292513	2.427206	2.671193	2.927719	3.196864	3.478704	3.773315	4.08077	2.469875751	2.555603768	2.924842615	3.196864	3.481860888	3.915409835	4.024900888
30	0.4877281	3.196966	0.1288039	2.42759	2.672016	2.928465	3.196966	3.477544	3.770223	4.075028	2.470373249	2.556281703	2.925592152	3.196966	3.480682636	3.911171037	4.019686761
31	0.5095491	3.197349	0.1283712	2.428189	2.673056	2.92945	3.197349	3.476735	3.767588	4.069892	2.471085853	2.557175311	2.926580265	3.197349	3.479857065	3.907453557	4.015048679
32	0.5306773	3.197859	0.1279523	2.428886	2.674189	2.930534	3.197859	3.476107	3.76522	4.065146	2.471894334	2.55816172	2.927667153	3.197859	3.479213223	3.90405561	4.010775966
33	0.5511553	3.19834	0.1275462	2.429563	2.675282	2.931574	3.19834	3.475486	3.762926	4.060575	2.47267886	2.55911721	2.928711348	3.19834	3.478578117	3.900774046	4.006656912
34	0.5710219	3.198754	0.1271523	2.430191	2.676307	2.932539	3.198754	3.474831	3.760655	4.056116	2.473409047	2.560010835	2.929678583	3.198754	3.47790827	3.897553264	4.002632026
35	0.5903125	3.199107	0.1267698	2.430773	2.677268	2.933432	3.199107	3.474144	3.758407	4.051763	2.474089968	2.560848098	2.930575351	3.199107	3.477207718	3.894390844	3.998696514
36	0.6090598	3.19937	0.126398	2.431287	2.678141	2.934229	3.19937	3.473394	3.756143	4.04747	2.474699403	2.561606263	2.931375928	3.19937	3.476442746	3.891242851	3.994803201
37	0.6272932	3.199482	0.1260365	2.431687	2.678876	2.934875	3.199482	3.47251	3.753786	4.043146	2.475189085	2.562235785	2.932024678	3.199482	3.475545654	3.888028789	3.990867801
38	0.6450405	3.199367	0.1256846	2.431915	2.679409	2.935299	3.199367	3.47141	3.751241	4.038687	2.475500941	2.562676673	2.932452843	3.199367	3.474431901	3.884648834	3.986786134
39	0.6623266	3.198924	0.1253418	2.431893	2.679656	2.935411	3.198924	3.469981	3.748386	4.033957	2.475556733	2.562848143	2.93256833	3.198924	3.472990396	3.880974656	3.982425109
40	0.6791752	3.198051	0.1250077	2.431545	2.679533	2.935117	3.198051	3.468114	3.7451	4.028823	2.475277003	2.562668183	2.932277888	3.198051	3.471109325	3.876877897	3.977651833
41	0.6956077	3.196669	0.1246819	2.430809	2.678972	2.934343	3.196669	3.465719	3.741285	4.023175	2.474600291	2.562073345	2.931509339	3.196669	3.468701983	3.872258706	3.972362822
42	0.7116441	3.194718	0.1243639	2.42964	2.677925	2.933037	3.194718	3.462733	3.736871	4.016936	2.473480529	2.561015992	2.930208132	3.194718	3.465702158	3.867040138	3.966478142
43	0.7273033	3.192164	0.1240534	2.428012	2.676363	2.931168	3.192164	3.459118	3.731813	4.010057	2.471890779	2.559468426	2.928343139	3.192164	3.462072352	3.861178163	3.959951847
44	0.7426023	3.188999	0.12375	2.425917	2.674277	2.928725	3.188999	3.454862	3.726101	4.002522	2.469824982	2.557424439	2.92590732	3.188999	3.45780309	3.854659909	3.952769963
45	0.7575576	3.185227	0.1234535	2.42336	2.671673	2.925716	3.185227	3.449971	3.719738	3.994336	2.467285328	2.554886516	2.922904245	3.185227	3.452898354	3.847488203	3.944934786
46	0.7721841	3.180875	0.1231634	2.42036	2.668573	2.922164	3.180875	3.444474	3.712754	3.985526	2.464293682	2.551877228	2.91935926	3.180875	3.447386398	3.839692107	3.936475353
47	0.7864961	3.176	0.1228797	2.41696	2.665023	2.918122	3.176	3.438431	3.705212	3.976161	2.460892434	2.548440818	2.915324234	3.176	3.441329055	3.831339599	3.927460947
48	0.8005068	3.170626	0.1226018	2.413179	2.661046	2.913612	3.170626	3.431868	3.697141	3.966269	2.457101936	2.544598162	2.910822059	3.170626	3.434751048	3.822455521	3.917916242
49	0.8142285	3.164783	0.1223297	2.409039	2.656666	2.908661	3.164783	3.424816	3.688573	3.955883	2.452943914	2.540372067	2.905879908	3.164783	3.427684895	3.813075232	3.907877114
50	0.8276731	3.158514	0.1220632	2.404573	2.65192	2.903311	3.158514	3.417323	3.679558	3.945055	2.448451368	2.535796834	2.900537346	3.158514	3.420176724	3.803248615	3.897394194
51	0.8408513	3.151855	0.1218018	2.399809	2.646836	2.897593	3.151855	3.409426	3.670135	3.933826	2.443653726	2.530902771	2.894828181	3.151855	3.412264414	3.793015512	3.886507642
52	0.8537737	3.144829	0.1215456	2.394762	2.641436	2.891529	3.144829	3.40115	3.66033	3.922223	2.438566967	2.52570679	2.888773049	3.144829	3.403973037	3.782403284	3.875245228
53	0.86645	3.137471	0.1212943	2.389461	2.635748	2.885151	3.137471	3.392532	3.650182	3.910286	2.433218758	2.520237533	2.882404478	3.137471	3.39533978	3.771451599	3.863647081
54	0.8788892	3.12981	0.1210476	2.383926	2.629797	2.878487	3.12981	3.383603	3.639725	3.89805	2.427632207	2.514518903	2.875749512	3.12981	3.386395318	3.76019291	3.851745951
55	0.8911002	3.121861	0.1208055	2.378169	2.623595	2.87155	3.121861	3.374379	3.628974	3.88553	2.421817887	2.508562089	2.868821725	3.121861	3.377155803	3.748644404	3.83955915
56	0.9030912	3.113628	0.1205677	2.372193	2.617146	2.864343	3.113628	3.364863	3.617931	3.872728	2.415779628	2.502371008	2.861625227	3.113628	3.367624849	3.736808525	3.827088711
57	0.9148699	3.105103	0.1203341	2.365993	2.610444	2.856861	3.105103	3.355048	3.60659	3.859634	2.409510866	2.495938976	2.854152689	3.105103	3.357793521	3.724674423	3.814323203
58	0.9264438	3.096283	0.1201046	2.359565	2.603485	2.849099	3.096283	3.344928	3.594941	3.846241	2.403008942	2.48926335	2.846401386	3.096283	3.347658301	3.712237297	3.801257402
59	0.9378198	3.087144	0.1198791	2.352892	2.59625	2.841037	3.087144	3.334478	3.58296	3.832518	2.396254958	2.48232465	2.838349291	3.087144	3.33719298	3.699467244	3.787860405
60	0.9490047	3.077644	0.1196573	2.34594	2.588703	2.832635	3.077644	3.323652	3.570593	3.818409	2.389217197	2.475089925	2.829958236	3.077644	3.326351498	3.68631186	3.774078167
61	0.9600046	3.06774	0.1194392	2.338678	2.580809	2.823854	3.06774	3.312404	3.557794	3.803863	2.381861498	2.467523949	2.821188504	3.06774	3.315087378	3.672719242	3.75985738
62	0.9708257	3.057423	0.1192246	2.331098	2.57256	2.814687	3.057423	3.300724	3.544549	3.788865	2.374181231	2.459619832	2.812032044	3.057423	3.303390496	3.658677252	3.745185338
63	0.9814736	3.046702	0.1190134	2.323206	2.563963	2.80514	3.046702	3.28862	3.530868	3.773424	2.366183229	2.451384707	2.802497164	3.046702	3.29127039	3.644195863	3.730072046
64	0.9919538	3.035581	0.1188056	2.315007	2.555022	2.795218	3.035581	3.276097	3.516755	3.757546	2.357869892	2.442821207	2.792587377	3.035581	3.278731398	3.629279561	3.714521962
65	1.002272	3.024073	0.118601	2.30651	2.545748	2.784934	3.024073	3.26317	3.502226	3.741246	2.349251749	2.433940202	2.782314889	3.024073	3.265787161	3.613942577	3.69854939
66	1.012432	3.01222	0.1183996	2.297746	2.536175	2.774324	3.01222	3.249882	3.487328	3.724573	2.340360887	2.424775046	2.771718208	3.01222	3.252483049	3.598234866	3.682205344
67	1.022439	3.000069	0.1182011	2.288752	2.526344	2.763435	3.000069	3.236285	3.472115	3.707585	2.331234899	2.415364547	2.760841062	3.000069	3.238869184	3.582210721	3.665545066
68	1.032298	2.987661	0.1180056	2.279558	2.516289	2.752301	2.987661	3.222422	3.456632	3.690331	2.321904481	2.405740739	2.749720864	2.987661	3.224989991	3.565919177	3.648618649
69	1.042014	2.975041	0.117813	2.2702	2.506048	2.740966	2.975041	3.208343	3.440934	3.672866	2.312404603	2.395939898	2.738399137	2.975041	3.210893784	3.549412987	3.631479859
70	1.051589	2.962265	0.1176231	2.260719	2.495669	2.729482	2.962265	3.194107	3.425084	3.655258	2.302779615	2.386007862	2.726927778	2.962265	3.196640548	3.532757623	3.614195453
71	1.061029	2.949382	0.1174359	2.251153	2.485193	2.717893	2.949382	3.179767	3.409136	3.637566	2.293067001	2.375983631	2.715351819	2.949382	3.182283046	3.516010892	3.596824389
72	1.070336	2.936436	0.1172514	2.241535	2.474656	2.70624	2.936436	3.165369	3.393141	3.619843	2.283300705	2.365902448	2.70371175	2.936436	3.167868658	3.499224763	3.579419703
73	1.079515	2.923453	0.1170694	2.231887	2.464082	2.694547	2.923453	3.150942	3.37713	3.60212	2.273501581	2.355785877	2.69203187	2.923453	3.153424898	3.482428594	3.562011136
74	1.08857	2.910453	0.1168898	2.222221	2.453485	2.682832	2.910453	3.136506	3.361124	3.584419	2.263685348	2.345650231	2.680330774	2.910453	3.138973011	3.465645111	3.544621716
75	1.097502	2.897444	0.1167127	2.212546	2.442876	2.671104	2.897444	3.122072	3.345132	3.566751	2.253857516	2.335501363	2.668615642	2.897444	3.124521707	3.448883829	3.52726111
76	1.106317	2.884435	0.1165379	2.202868	2.43226	2.659371	2.884435	3.107646	3.329164	3.549124	2.24402567	2.325347106	2.656895125	2.884435	3.110080146	3.432153793	3.509938275
77	1.115016	2.871439	0.1163654	2.193195	2.421648	2.647644	2.871439	3.093244	3.313233	3.531553	2.234199786	2.315197848	2.645181213	2.871439	3.095662233	3.415470001	3.492668434
78	1.123603	2.858472	0.1161952	2.183542	2.411054	2.635938	2.858472	3.078883	3.297358	3.514057	2.224391953	2.305066228	2.63348864	2.858472	3.081285073	3.398850859	3.475470255
79	1.132081	2.845556	0.1160271	2.173924	2.400496	2.624274	2.845556	3.064585	3.281564	3.496662	2.214620125	2.29497076	2.62183807	2.845556	3.066971861	3.382321023	3.458368702
80	1.140452	2.832714	0.1158611	2.164361	2.389996	2.612674	2.832714	3.050376	3.265876	3.479396	2.204902011	2.284929866	2.610250713	2.832714	3.052747255	3.365907293	3.441391053
81	1.148719	2.819968	0.1156971	2.154867	2.379571	2.601158	2.819968	3.03628	3.250321	3.462284	2.195255031	2.274961597	2.598747052	2.819968	3.038634625	3.349634757	3.424562762
82	1.156884	2.807344	0.1155352	2.145463	2.369243	2.589749	2.807344	3.022322	3.234925	3.445356	2.185698705	2.265086342	2.587350886	2.807344	3.024662033	3.333534184	3.407915215
83	1.164951	2.794851	0.1153753	2.136157	2.35902	2.578457	2.794851	3.008514	3.2197	3.428623	2.176240279	2.255311629	2.576070721	2.794851	3.010838818	3.317615141	3.391457984
84	1.172921	2.782496	0.1152172	2.126953	2.348907	2.567287	2.782496	2.994862	3.204652	3.412092	2.16688622	2.245644024	2.564913435	2.782496	2.997172009	3.301884523	3.375197901
85	1.180796	2.77028	0.1150611	2.117852	2.338907	2.556241	2.77028	2.981367	3.189783	3.395764	2.157636058	2.23608329	2.553879608	2.77028	2.983662908	3.286343851	3.359136501
