LMSchartmaker Pro version 2.54																	
Data file: X:\bhinton\Data\BlackFmiLmi.txt																	
Free format																	
Age: field 6																	
Measure: field 14																	
Weighting: field 0																	
Selector: field 3																	
Count: 1633																	
edf:	L	M	S														
    	1	4	1								3	5	25	50	75	95	97
Age	L	M	S	-2.0001	-1.3334	-0.6667	0	0.6667	1.3334	2.0001	-1.881	-1.645	-0.674	0	0.674	1.645	1.881
8	-0.4829442	0.7197095	0.1629232	0.5317737	0.5853809	0.6474101	0.7197095	0.8046612	0.9053767	1.025982	0.540801327	0.559374204	0.646679071	0.7197095	0.805672116	0.958969949	1.002752569
9	-0.4829442	0.753751	0.1629232	0.556926	0.6130687	0.6780319	0.753751	0.8427208	0.9482	1.07451	0.566380659	0.585832013	0.677266309	0.753751	0.843779557	1.004328216	1.050181707
10	-0.4829442	0.7839273	0.1629232	0.5792224	0.6376128	0.7051767	0.7839273	0.8764589	0.9861611	1.117527	0.589055618	0.609285704	0.704380557	0.7839273	0.877560136	1.044536334	1.092225563
11	-0.4829442	0.8107085	0.1629232	0.5990104	0.6593956	0.7292677	0.8107085	0.9064014	1.019851	1.155705	0.609179444	0.630100647	0.728444213	0.8107085	0.907540101	1.080220685	1.129539114
12	-0.4829442	0.8342783	0.1629232	0.6164255	0.6785662	0.7504697	0.8342783	0.9327533	1.049501	1.189305	0.626890171	0.648419619	0.749622336	0.8342783	0.933925095	1.111626036	1.162378304
13	-0.4829442	0.8546868	0.1629232	0.6315047	0.6951656	0.768828	0.8546868	0.9555707	1.075175	1.218399	0.642225447	0.664281558	0.767959942	0.8546868	0.956771201	1.138819144	1.190812938
14	-0.4829442	0.8721125	0.1629232	0.6443801	0.7093388	0.7845032	0.8721125	0.9750532	1.097096	1.24324	0.6553194	0.677825199	0.78361742	0.8721125	0.976278239	1.162037849	1.215091713
15	-0.4829442	0.8869447	0.1629232	0.6553392	0.7214028	0.7978454	0.8869447	0.9916362	1.115754	1.264384	0.666464554	0.689353114	0.796944566	0.8869447	0.992882007	1.181800871	1.235757033
16	-0.4829442	0.8996518	0.1629232	0.6647282	0.7317382	0.809276	0.8996518	1.005843	1.13174	1.282498	0.676012874	0.699229355	0.80836225	0.8996518	1.007106852	1.198732323	1.253461505
17	-0.4829442	0.9106323	0.1629232	0.6728414	0.7406693	0.8191534	0.9106323	1.01812	1.145553	1.298152	0.684263799	0.707763643	0.818228536	0.9106323	1.019398871	1.213363184	1.268760351
18	-0.4829442	0.9201998	0.1629232	0.6799105	0.7484511	0.8277598	0.9201998	1.028817	1.157589	1.311791	0.691452972	0.715199716	0.826825201	0.9201998	1.03010912	1.226111306	1.282090501
19	-0.4829442	0.9285889	0.1629232	0.6861089	0.7552744	0.8353062	0.9285889	1.038196	1.168142	1.32375	0.697756677	0.721719911	0.834363042	0.9285889	1.03950022	1.237289281	1.293778816
20	-0.4829442	0.9359733	0.1629232	0.6915651	0.7612805	0.8419487	0.9359733	1.046452	1.177431	1.334276	0.703305435	0.727459231	0.840998131	0.9359733	1.047766618	1.247128554	1.304067309
21	-0.4829442	0.9424561	0.1629232	0.696355	0.7665533	0.8477803	0.9424561	1.0537	1.185586	1.343518	0.708176715	0.732497807	0.846823108	0.9424561	1.055023729	1.255766498	1.313099626
22	-0.4829442	0.948123	0.1629232	0.7005422	0.7711626	0.852878	0.948123	1.060036	1.192715	1.351597	0.712434915	0.736902248	0.851914976	0.948123	1.061367487	1.263317304	1.320995171
23	-0.4829442	0.9530516	0.1629232	0.7041838	0.7751713	0.8573114	0.9530516	1.065546	1.198915	1.358622	0.716138345	0.740732865	0.85634346	0.9530516	1.066884763	1.269884369	1.327862061
24	-0.4829442	0.9573087	0.1629232	0.7073293	0.7786338	0.8611409	0.9573087	1.070306	1.204271	1.364691	0.719337198	0.744041578	0.860168584	0.9573087	1.071650334	1.275556701	1.333793368
25	-0.4829442	0.9609572	0.1629232	0.710025	0.7816014	0.8644229	0.9609572	1.074385	1.20886	1.369892	0.72207874	0.746877273	0.863446863	0.9609572	1.075734613	1.280418109	1.338876728
26	-0.4829442	0.9640567	0.1629232	0.7123152	0.7841224	0.867211	0.9640567	1.07785	1.212759	1.374311	0.724407754	0.749286273	0.86623185	0.9640567	1.07920432	1.284548008	1.343195181
27	-0.4829442	0.9666584	0.1629232	0.7142375	0.7862384	0.8695513	0.9666584	1.080759	1.216032	1.37802	0.726362714	0.751308372	0.86856955	0.9666584	1.082116769	1.288014618	1.346820062
28	-0.4829442	0.9688064	0.1629232	0.7158246	0.7879856	0.8714836	0.9688064	1.083161	1.218735	1.381082	0.727976756	0.752977845	0.870499588	0.9688064	1.084521327	1.2908767	1.349812815
29	-0.4829442	0.9705377	0.1629232	0.7171038	0.7893938	0.873041	0.9705377	1.085096	1.220912	1.38355	0.729277682	0.75432345	0.872055209	0.9705377	1.086459415	1.293183553	1.35222499
30	-0.4829442	0.9718926	0.1629232	0.7181049	0.7904958	0.8742597	0.9718926	1.086611	1.222617	1.385481	0.730295776	0.755376508	0.873272625	0.9718926	1.087976145	1.294988877	1.354112737
31	-0.4829442	0.9729108	0.1629232	0.7188572	0.791324	0.8751757	0.9729108	1.087749	1.223898	1.386933	0.731060868	0.756167876	0.874187506	0.9729108	1.08911596	1.296345568	1.355531369
32	-0.4829442	0.973632	0.1629232	0.7193901	0.7919105	0.8758245	0.973632	1.088556	1.224805	1.387961	0.731602789	0.756728409	0.874835524	0.973632	1.0899233	1.297306523	1.356536198
33	-0.4829442	0.9740959	0.1629232	0.7197328	0.7922878	0.8762417	0.9740959	1.089074	1.225388	1.388622	0.731951371	0.757088962	0.875252351	0.9740959	1.090442609	1.297924643	1.357182538
34	-0.4829442	0.9743345	0.1629232	0.7199092	0.792482	0.8764564	0.9743345	1.089341	1.225689	1.388962	0.732130659	0.757274407	0.87546674	0.9743345	1.090709707	1.298242563	1.357514973
35	-0.4829442	0.9743741	0.1629232	0.7199384	0.7925141	0.8764919	0.9743741	1.089385	1.225738	1.389019	0.732160415	0.757305185	0.875502322	0.9743741	1.090754037	1.298295327	1.357570147
36	-0.4829442	0.9742379	0.1629232	0.7198377	0.7924033	0.8763694	0.9742379	1.089233	1.225567	1.388825	0.732058072	0.757199328	0.875379942	0.9742379	1.090601569	1.298113849	1.357380383
37	-0.4829442	0.9739469	0.1629232	0.7196227	0.7921666	0.8761076	0.9739469	1.088908	1.225201	1.38841	0.73183941	0.756973156	0.875118471	0.9739469	1.090275812	1.297726109	1.35697494
38	-0.4829442	0.9735191	0.1629232	0.7193067	0.7918187	0.8757229	0.9735191	1.08843	1.224663	1.3878	0.731517954	0.75664066	0.87473408	0.9735191	1.089796915	1.297156091	1.356378898
39	-0.4829442	0.9729674	0.1629232	0.7188991	0.79137	0.8752266	0.9729674	1.087813	1.223969	1.387014	0.731103398	0.756211867	0.874238363	0.9729674	1.08917932	1.296420984	1.355610228
40	-0.4829442	0.9723018	0.1629232	0.7184072	0.7908286	0.8746278	0.9723018	1.087068	1.223132	1.386065	0.730603256	0.755694548	0.873640302	0.9723018	1.08843422	1.295534111	1.354682865
41	-0.4829442	0.9715304	0.1629232	0.7178373	0.7902012	0.873934	0.9715304	1.086206	1.222161	1.384965	0.730023613	0.755094999	0.872947178	0.9715304	1.087570684	1.294506267	1.353608093
42	-0.4829442	0.9706612	0.1629232	0.717195	0.7894942	0.873152	0.9706612	1.085234	1.221068	1.383726	0.729370482	0.754419437	0.872166177	0.9706612	1.086597666	1.29334811	1.35239706
43	-0.4829442	0.9697026	0.1629232	0.7164868	0.7887145	0.8722897	0.9697026	1.084162	1.219862	1.382359	0.728650175	0.753674392	0.871304849	0.9697026	1.08552457	1.292070833	1.351061467
44	-0.4829442	0.9686656	0.1629232	0.7157205	0.7878711	0.8713569	0.9686656	1.083003	1.218557	1.380881	0.727870956	0.752868412	0.870373075	0.9686656	1.08436371	1.290689092	1.349616642
45	-0.4829442	0.9675621	0.1629232	0.7149052	0.7869735	0.8703642	0.9675621	1.081769	1.217169	1.379308	0.727041769	0.752010748	0.86938155	0.9675621	1.083128407	1.289218744	1.348079164
46	-0.4829442	0.9664024	0.1629232	0.7140483	0.7860303	0.8693211	0.9664024	1.080473	1.21571	1.377655	0.726170351	0.751109403	0.868339527	0.9664024	1.081830192	1.287673513	1.346463384
47	-0.4829442	0.9651946	0.1629232	0.713156	0.7850479	0.8682346	0.9651946	1.079122	1.214191	1.375933	0.725262791	0.750170674	0.867254285	0.9651946	1.080478131	1.286064192	1.344780588
48	-0.4829442	0.9639453	0.1629232	0.7122329	0.7840318	0.8671108	0.9639453	1.077726	1.212619	1.374152	0.724324047	0.74919969	0.866131754	0.9639453	1.079079614	1.284399574	1.343039971
49	-0.4829442	0.9626596	0.1629232	0.7112829	0.782986	0.8659543	0.9626596	1.076288	1.211002	1.372319	0.723357951	0.748200416	0.864976517	0.9626596	1.077640349	1.282686455	1.341248638
50	-0.4829442	0.9613434	0.1629232	0.7103104	0.7819155	0.8647703	0.9613434	1.074817	1.209346	1.370443	0.722368937	0.747177436	0.863793874	0.9613434	1.076166941	1.280932697	1.339414811
51	-0.4829442	0.9600025	0.1629232	0.7093197	0.7808249	0.8635641	0.9600025	1.073318	1.207659	1.368531	0.721361363	0.746135259	0.862589038	0.9600025	1.074665883	1.279146028	1.33754657
52	-0.4829442	0.9586427	0.1629232	0.708315	0.7797189	0.8623409	0.9586427	1.071797	1.205949	1.366593	0.720339588	0.745078392	0.86136722	0.9586427	1.073143668	1.277334176	1.335651996
53	-0.4829442	0.9572684	0.1629232	0.7072995	0.7786011	0.8611046	0.9572684	1.070261	1.20422	1.364634	0.719306916	0.744010255	0.860132373	0.9572684	1.07160522	1.275503003	1.333737219
54	-0.4829442	0.9558828	0.1629232	0.7062758	0.7774741	0.8598583	0.9558828	1.068712	1.202477	1.362659	0.718265754	0.742933336	0.858887373	0.9558828	1.070054123	1.273656774	1.331806698
55	-0.4829442	0.9544887	0.1629232	0.7052456	0.7763402	0.8586042	0.9544887	1.067153	1.200723	1.360671	0.717218205	0.741849811	0.857634735	0.9544887	1.068493511	1.271799219	1.329864335
56	-0.4829442	0.9530873	0.1629232	0.7042102	0.7752004	0.8573436	0.9530873	1.065586	1.19896	1.358673	0.71616517	0.740760612	0.856375538	0.9530873	1.066924727	1.269931937	1.327911801
57	-0.4829442	0.9516786	0.1629232	0.7031693	0.7740546	0.8560764	0.9516786	1.064011	1.197188	1.356665	0.71510665	0.739665739	0.855109782	0.9516786	1.065347771	1.268054928	1.325949096
58	-0.4829442	0.9502624	0.1629232	0.702123	0.7729027	0.8548025	0.9502624	1.062428	1.195407	1.354646	0.714042495	0.738565037	0.853837286	0.9502624	1.063762419	1.266167926	1.323975941
59	-0.4829442	0.9488381	0.1629232	0.7010705	0.7717443	0.8535212	0.9488381	1.060835	1.193615	1.352616	0.712972253	0.737458039	0.852557513	0.9488381	1.062167999	1.264270132	1.321991501
60	-0.4829442	0.9474058	0.1629232	0.7000123	0.7705792	0.8522328	0.9474058	1.059234	1.191813	1.350574	0.711896	0.736344824	0.851270552	0.9474058	1.060564624	1.262361677	1.319995914
61	-0.4829442	0.9459652	0.1629232	0.6989478	0.7694076	0.8509369	0.9459652	1.057623	1.190001	1.348521	0.71081351	0.735225157	0.849976132	0.9459652	1.058951958	1.260442164	1.317988764
62	-0.4829442	0.9445171	0.1629232	0.6978779	0.7682297	0.8496343	0.9445171	1.056004	1.188179	1.346456	0.709725384	0.734099662	0.848674974	0.9445171	1.057330896	1.258512657	1.315971164
63	-0.4829442	0.943062	0.1629232	0.6968027	0.7670462	0.8483254	0.943062	1.054377	1.186349	1.344382	0.708631998	0.732968726	0.847367526	0.943062	1.055701998	1.256573823	1.313943811
64	-0.4829442	0.9416013	0.1629232	0.6957235	0.7658581	0.8470114	0.9416013	1.052744	1.184511	1.342299	0.707534405	0.731833437	0.846055046	0.9416013	1.054066831	1.254627528	1.311908655
65	-0.4829442	0.9401361	0.1629232	0.6946409	0.7646664	0.8456934	0.9401361	1.051106	1.182668	1.340211	0.70643343	0.730694651	0.844738523	0.9401361	1.052426626	1.252675236	1.30986723
66	-0.4829442	0.9386683	0.1629232	0.6935564	0.7634726	0.844373	0.9386683	1.049465	1.180821	1.338118	0.705330501	0.729553845	0.843419664	0.9386683	1.050783511	1.25071948	1.307822182
67	-0.4829442	0.937199	0.1629232	0.6924707	0.7622775	0.8430513	0.937199	1.047822	1.178973	1.336024	0.704226445	0.728411872	0.842099457	0.937199	1.049138717	1.248761726	1.305775045
68	-0.4829442	0.9357294	0.1629232	0.6913849	0.7610822	0.8417293	0.9357294	1.046179	1.177124	1.333929	0.703122164	0.727269666	0.84077898	0.9357294	1.047493587	1.246803571	1.303727489
69	-0.4829442	0.9342606	0.1629232	0.6902996	0.7598875	0.8404081	0.9342606	1.044537	1.175277	1.331835	0.702018484	0.726128082	0.839459222	0.9342606	1.045849352	1.244846483	1.301681048
70	-0.4829442	0.9327943	0.1629232	0.6892162	0.7586949	0.8390891	0.9327943	1.042898	1.173432	1.329745	0.700916683	0.724988442	0.838141711	0.9327943	1.044207916	1.242892726	1.299638091
71	-0.4829442	0.9313321	0.1629232	0.6881358	0.7575055	0.8377737	0.9313321	1.041263	1.171593	1.32766	0.699817962	0.723851987	0.836827884	0.9313321	1.04257107	1.240944432	1.297600845
72	-0.4829442	0.9298754	0.1629232	0.6870596	0.7563208	0.8364635	0.9298754	1.039634	1.16976	1.325584	0.698723374	0.722719808	0.835518998	0.9298754	1.040940381	1.239003466	1.295571263
73	-0.4829442	0.9284257	0.1629232	0.6859884	0.7551417	0.8351594	0.9284257	1.038013	1.167937	1.323517	0.697634046	0.721593069	0.834216402	0.9284257	1.039317528	1.237071827	1.293551434
74	-0.4829442	0.9269843	0.1629232	0.6849234	0.7539693	0.8338628	0.9269843	1.036402	1.166123	1.321462	0.696550955	0.720472781	0.832921264	0.9269843	1.037703966	1.235151248	1.291543168
75	-0.4829442	0.9255525	0.1629232	0.6838654	0.7528047	0.8325748	0.9255525	1.034801	1.164322	1.319421	0.695475078	0.719359954	0.831634752	0.9255525	1.036101151	1.23324346	1.289548279
76	-0.4829442	0.9241318	0.1629232	0.6828157	0.7516491	0.8312968	0.9241318	1.033213	1.162535	1.317396	0.694407541	0.718255754	0.830358213	0.9241318	1.034510761	1.231350462	1.287568854
77	-0.4829442	0.9227231	0.1629232	0.6817749	0.7505034	0.8300297	0.9227231	1.031638	1.160763	1.315388	0.693349021	0.717160881	0.829092457	0.9227231	1.032933805	1.229473453	1.285606149
78	-0.4829442	0.9213277	0.1629232	0.6807438	0.7493684	0.8287744	0.9213277	1.030078	1.159007	1.313398	0.692300495	0.716076345	0.827838651	0.9213277	1.031371737	1.227614166	1.283661974
79	-0.4829442	0.9199461	0.1629232	0.679723	0.7482447	0.8275316	0.9199461	1.028533	1.157269	1.311429	0.691262338	0.715002535	0.826597245	0.9199461	1.029825118	1.225773266	1.281737027
80	-0.4829442	0.918579	0.1629232	0.6787129	0.7471328	0.8263018	0.918579	1.027004	1.15555	1.30948	0.690235077	0.713939995	0.825368867	0.918579	1.028294731	1.223951687	1.279832282
81	-0.4829442	0.9172267	0.1629232	0.6777138	0.7460329	0.8250854	0.9172267	1.025493	1.153849	1.307552	0.689218937	0.712888957	0.824153788	0.9172267	1.026780911	1.222149828	1.277948158
82	-0.4829442	0.9158896	0.1629232	0.6767258	0.7449453	0.8238826	0.9158896	1.023998	1.152166	1.305646	0.688214219	0.711849733	0.822952366	0.9158896	1.025284107	1.220368222	1.276085211
83	-0.4829442	0.9145677	0.1629232	0.6757491	0.7438701	0.8226935	0.9145677	1.02252	1.150504	1.303762	0.687220922	0.710822323	0.821764602	0.9145677	1.023804318	1.218606869	1.274243442
84	-0.4829442	0.9132611	0.1629232	0.6747836	0.7428074	0.8215181	0.9132611	1.021059	1.14886	1.301899	0.686239121	0.709806805	0.820590586	0.9132611	1.022341657	1.216865903	1.27242299
85	-0.4829442	0.9119697	0.1629232	0.6738295	0.741757	0.8203564	0.9119697	1.019615	1.147235	1.300058	0.685268743	0.7088031	0.819430227	0.9119697	1.020896011	1.215145189	1.270623716
